0 0.153125 0.686667 0.021250 0.088889
0 0.146875 0.593333 0.021250 0.075556
0 0.314375 0.595556 0.021250 0.088889
0 0.256875 0.657778 0.021250 0.088889
0 0.220625 0.651111 0.021250 0.088889
0 0.193125 0.647778 0.021250 0.086667
0 0.346875 0.682222 0.021250 0.088889
0 0.278125 0.746667 0.021250 0.088889
0 0.209375 0.777778 0.021250 0.088889
0 0.093750 0.927778 0.030000 0.131111
0 0.198125 0.918889 0.038750 0.131111
0 0.091875 0.686667 0.021250 0.088889
0 0.878125 0.764444 0.026250 0.093333
0 0.833125 0.804444 0.021250 0.088889
0 0.750000 0.924444 0.027500 0.106667
0 0.740000 0.671111 0.025000 0.084444
0 0.788125 0.684444 0.021250 0.088889
0 0.551875 0.608889 0.021250 0.088889
0 0.530625 0.704444 0.021250 0.088889
0 0.821875 0.584444 0.021250 0.071111
0 0.843125 0.644444 0.026250 0.093333
0 0.825000 0.713333 0.022500 0.088889
0 0.938125 0.940000 0.031250 0.102222
0 0.905625 0.695556 0.026250 0.093333
1 0.602500 0.795556 0.082500 0.173333
1 0.696875 0.772222 0.088750 0.148889
