0 0.207500 0.843333 0.027500 0.104444
0 0.937500 0.718889 0.027500 0.104444
0 0.902500 0.736667 0.027500 0.104444
0 0.850000 0.792222 0.027500 0.104444
0 0.806250 0.798889 0.027500 0.104444
0 0.551250 0.758889 0.027500 0.104444
0 0.566875 0.606667 0.016250 0.075556
0 0.056250 0.783333 0.027500 0.104444
0 0.153750 0.681111 0.027500 0.104444
0 0.298750 0.663333 0.027500 0.104444
0 0.951875 0.907778 0.033750 0.104444
0 0.882500 0.656667 0.027500 0.104444
0 0.825000 0.943333 0.027500 0.104444
0 0.943750 0.816667 0.027500 0.104444
0 0.786875 0.738889 0.023750 0.086667
0 0.860000 0.890000 0.027500 0.104444
1 0.631875 0.900000 0.116250 0.182222
1 0.726250 0.811111 0.100000 0.137778
1 0.311875 0.846667 0.113750 0.204444
1 0.118125 0.844444 0.126250 0.182222
1 0.250000 0.636667 0.080000 0.100000
1 0.395000 0.614444 0.065000 0.122222
2 0.605625 0.636667 0.018750 0.091111
1 0.707500 0.662222 0.075000 0.115556
