0 0.161250 0.862222 0.042500 0.137778
0 0.319375 0.620000 0.023750 0.084444
0 0.247500 0.607778 0.022500 0.086667
0 0.206250 0.583333 0.027500 0.082222
0 0.337500 0.582222 0.022500 0.075556
0 0.638125 0.822222 0.023750 0.128889
0 0.631250 0.701111 0.027500 0.086667
0 0.715625 0.696667 0.018750 0.086667
0 0.688750 0.643333 0.022500 0.091111
0 0.848125 0.835556 0.033750 0.102222
0 0.958125 0.914444 0.048750 0.122222
0 0.828750 0.760000 0.035000 0.102222
0 0.856875 0.736667 0.028750 0.100000
0 0.723125 0.643333 0.023750 0.086667
0 0.812500 0.642222 0.022500 0.084444
0 0.756875 0.603333 0.026250 0.068889
1 0.373750 0.692222 0.080000 0.157778
1 0.788750 0.900000 0.122500 0.177778
1 0.564375 0.675556 0.063750 0.111111
1 0.615625 0.552222 0.051250 0.082222
