0 0.880000 0.738889 0.027500 0.104444
0 0.867500 0.847778 0.027500 0.104444
0 0.800000 0.865556 0.027500 0.104444
0 0.746250 0.872222 0.027500 0.104444
0 0.686250 0.792222 0.027500 0.104444
0 0.661250 0.692222 0.027500 0.104444
0 0.618750 0.707778 0.027500 0.104444
0 0.583750 0.838889 0.027500 0.104444
0 0.800000 0.732222 0.027500 0.104444
0 0.916250 0.883333 0.027500 0.104444
0 0.821250 0.787778 0.027500 0.104444
0 0.755000 0.767778 0.027500 0.104444
0 0.730000 0.745556 0.027500 0.104444
0 0.276875 0.567778 0.018750 0.077778
0 0.833750 0.632222 0.027500 0.104444
0 0.771250 0.705556 0.027500 0.104444
0 0.702500 0.710000 0.027500 0.104444
0 0.202500 0.685556 0.027500 0.104444
1 0.585000 0.613333 0.057500 0.102222
1 0.660625 0.612222 0.061250 0.073333
1 0.378750 0.661111 0.087500 0.255556
1 0.301875 0.652222 0.068750 0.122222
