0 0.825000 0.714444 0.025000 0.086667
0 0.196250 0.767778 0.025000 0.086667
0 0.197500 0.690000 0.022500 0.082222
0 0.238750 0.667778 0.025000 0.086667
0 0.162500 0.678889 0.025000 0.086667
0 0.135000 0.647778 0.025000 0.086667
0 0.081250 0.687778 0.025000 0.086667
0 0.042500 0.765556 0.025000 0.086667
0 0.570000 0.763333 0.025000 0.086667
0 0.602500 0.834444 0.025000 0.086667
0 0.627500 0.730000 0.025000 0.086667
0 0.963125 0.885556 0.028750 0.117778
0 0.116250 0.873333 0.032500 0.128889
0 0.051875 0.902222 0.031250 0.133333
0 0.534375 0.895556 0.026250 0.128889
0 0.861250 0.794444 0.025000 0.086667
0 0.741250 0.687778 0.030000 0.073333
0 0.855000 0.696667 0.025000 0.086667
0 0.872500 0.754444 0.025000 0.086667
0 0.617500 0.636667 0.025000 0.086667
0 0.253750 0.623333 0.025000 0.086667
0 0.206250 0.623333 0.025000 0.086667
1 0.292500 0.898889 0.115000 0.202222
1 0.385000 0.661111 0.075000 0.157778
1 0.683125 0.944444 0.106250 0.111111
1 0.740000 0.808889 0.105000 0.164444
1 0.883125 0.920000 0.136250 0.160000
2 0.768125 0.646667 0.013750 0.080000
