0 0.148125 0.838889 0.041250 0.135556
0 0.095625 0.783333 0.053750 0.122222
0 0.106250 0.665556 0.027500 0.095556
0 0.165625 0.648889 0.026250 0.120000
0 0.208125 0.667778 0.036250 0.117778
0 0.258750 0.637778 0.027500 0.097778
0 0.382500 0.661111 0.037500 0.108889
0 0.301250 0.583333 0.022500 0.077778
0 0.280000 0.573333 0.022500 0.084444
0 0.226875 0.601111 0.028750 0.086667
0 0.643750 0.936667 0.052500 0.117778
0 0.600625 0.766667 0.041250 0.151111
0 0.655625 0.812222 0.048750 0.126667
0 0.783750 0.725556 0.032500 0.113333
0 0.871875 0.853333 0.028750 0.142222
0 0.965625 0.774444 0.053750 0.131111
0 0.887500 0.707778 0.035000 0.100000
0 0.752500 0.662222 0.035000 0.084444
0 0.703750 0.582222 0.025000 0.075556
0 0.827500 0.641111 0.032500 0.086667
0 0.074375 0.934444 0.041250 0.131111
1 0.588125 0.550000 0.041250 0.082222
1 0.417500 0.530000 0.045000 0.082222
1 0.311250 0.684444 0.067500 0.137778
1 0.791875 0.890000 0.121250 0.184444
1 0.250625 0.920000 0.146250 0.160000
1 0.658750 0.685556 0.067500 0.104444
2 0.885625 0.604444 0.021250 0.080000
