0 0.061250 0.708889 0.025000 0.088889
0 0.211250 0.818889 0.032500 0.131111
0 0.183125 0.607778 0.018750 0.077778
0 0.543750 0.637778 0.025000 0.075556
0 0.596875 0.647778 0.026250 0.091111
0 0.656250 0.776667 0.027500 0.122222
0 0.697500 0.845556 0.030000 0.140000
0 0.913750 0.912222 0.040000 0.126667
0 0.814375 0.750000 0.023750 0.086667
0 0.830000 0.717778 0.025000 0.093333
0 0.890000 0.681111 0.027500 0.095556
0 0.721250 0.647778 0.017500 0.077778
0 0.777500 0.654444 0.025000 0.091111
1 0.612500 0.897778 0.102500 0.204444
1 0.765625 0.824444 0.103750 0.177778
