0 0.118750 0.714444 0.027500 0.113333
0 0.220000 0.794444 0.027500 0.113333
0 0.188125 0.683333 0.023750 0.100000
0 0.031250 0.752222 0.027500 0.113333
0 0.628750 0.838889 0.027500 0.113333
0 0.663750 0.762222 0.025000 0.115556
0 0.523750 0.738889 0.027500 0.113333
0 0.567500 0.872222 0.027500 0.113333
0 0.955000 0.890000 0.035000 0.117778
0 0.703750 0.943333 0.027500 0.113333
0 0.652500 0.930000 0.027500 0.113333
0 0.778750 0.758889 0.027500 0.113333
0 0.936250 0.770000 0.027500 0.113333
0 0.846250 0.805556 0.027500 0.113333
0 0.646250 0.686667 0.022500 0.093333
0 0.712500 0.672222 0.027500 0.095556
0 0.756250 0.673333 0.022500 0.097778
0 0.873125 0.650000 0.026250 0.095556
0 0.611250 0.640000 0.022500 0.093333
0 0.676250 0.662222 0.022500 0.093333
0 0.285625 0.626667 0.023750 0.088889
0 0.254375 0.613333 0.023750 0.088889
0 0.195625 0.608889 0.023750 0.088889
0 0.230625 0.584444 0.023750 0.088889
0 0.225625 0.695556 0.023750 0.088889
1 0.768750 0.904444 0.130000 0.164444
1 0.580625 0.741111 0.068750 0.108889
1 0.307500 0.834444 0.112500 0.237778
2 0.833750 0.653333 0.015000 0.080000
2 0.818750 0.623333 0.012500 0.082222
