0 0.057500 0.733333 0.022500 0.102222
0 0.231250 0.795556 0.035000 0.128889
0 0.142500 0.911111 0.045000 0.137778
0 0.123750 0.654444 0.032500 0.100000
0 0.284375 0.708889 0.026250 0.120000
0 0.156250 0.594444 0.022500 0.082222
0 0.183750 0.607778 0.015000 0.077778
0 0.202500 0.631111 0.017500 0.075556
0 0.736875 0.886667 0.036250 0.133333
0 0.803750 0.866667 0.035000 0.137778
0 0.551875 0.637778 0.018750 0.097778
0 0.711250 0.725556 0.025000 0.095556
0 0.768125 0.750000 0.026250 0.095556
0 0.883125 0.647778 0.031250 0.100000
0 0.871250 0.780000 0.030000 0.106667
0 0.811875 0.703333 0.031250 0.077778
0 0.618125 0.664444 0.023750 0.084444
0 0.251875 0.585556 0.018750 0.068889
1 0.645000 0.866667 0.115000 0.266667
1 0.753125 0.622222 0.063750 0.106667
1 0.373750 0.675556 0.087500 0.226667
1 0.101250 0.811111 0.180000 0.217778
