0 0.153750 0.832222 0.035000 0.131111
0 0.221875 0.836667 0.036250 0.144444
0 0.286250 0.826667 0.037500 0.142222
0 0.283125 0.738889 0.026250 0.086667
0 0.260625 0.710000 0.028750 0.095556
0 0.023125 0.742222 0.033750 0.111111
0 0.128750 0.714444 0.027500 0.100000
0 0.148125 0.648889 0.031250 0.075556
0 0.186250 0.594444 0.022500 0.082222
0 0.141875 0.591111 0.018750 0.071111
0 0.548750 0.623333 0.020000 0.082222
0 0.610625 0.628889 0.023750 0.093333
0 0.678125 0.616667 0.021250 0.082222
0 0.718125 0.636667 0.023750 0.086667
0 0.755000 0.658889 0.025000 0.091111
0 0.786250 0.767778 0.025000 0.095556
0 0.832500 0.735556 0.027500 0.111111
0 0.830625 0.917778 0.043750 0.137778
0 0.911875 0.827778 0.038750 0.108889
0 0.900625 0.718889 0.028750 0.104444
0 0.930625 0.702222 0.023750 0.088889
0 0.875625 0.654444 0.023750 0.091111
0 0.844375 0.613333 0.021250 0.084444
0 0.780000 0.635556 0.017500 0.084444
0 0.941875 0.921111 0.056250 0.131111
1 0.613125 0.774444 0.073750 0.135556
1 0.712500 0.742222 0.082500 0.115556
