0 0.276250 0.867778 0.030000 0.140000
0 0.152500 0.752222 0.032500 0.108889
0 0.069375 0.826667 0.028750 0.124444
0 0.320000 0.675556 0.030000 0.111111
0 0.175625 0.690000 0.028750 0.104444
0 0.146875 0.630000 0.021250 0.086667
0 0.235000 0.597778 0.022500 0.066667
0 0.208125 0.565556 0.023750 0.082222
0 0.311250 0.567778 0.022500 0.068889
0 0.708125 0.902222 0.031250 0.133333
0 0.737500 0.857778 0.030000 0.133333
0 0.819375 0.801111 0.031250 0.131111
0 0.903125 0.738889 0.033750 0.113333
0 0.738125 0.664444 0.021250 0.088889
0 0.790000 0.647778 0.020000 0.077778
0 0.768750 0.604444 0.022500 0.075556
0 0.658125 0.582222 0.018750 0.071111
0 0.685000 0.580000 0.022500 0.084444
0 0.730000 0.588889 0.025000 0.066667
1 0.605625 0.721111 0.071250 0.126667
1 0.563125 0.586667 0.048750 0.088889
1 0.382500 0.658889 0.080000 0.228889
1 0.243750 0.721111 0.102500 0.188889
