0 0.118750 0.888889 0.030000 0.142222
0 0.340000 0.798889 0.040000 0.131111
0 0.566250 0.763333 0.035000 0.135556
0 0.761875 0.771111 0.023750 0.102222
0 0.841250 0.856667 0.032500 0.126667
0 0.803750 0.882222 0.037500 0.124444
0 0.891250 0.873333 0.037500 0.137778
0 0.938125 0.868889 0.033750 0.137778
0 0.779375 0.723333 0.036250 0.095556
0 0.738125 0.695556 0.031250 0.097778
0 0.630625 0.695556 0.026250 0.102222
0 0.823125 0.693333 0.033750 0.106667
2 0.508125 0.604444 0.021250 0.088889
1 0.682500 0.677778 0.065000 0.120000
