0 0.383125 0.701111 0.031250 0.104444
0 0.345000 0.608889 0.022500 0.088889
0 0.319375 0.692222 0.031250 0.104444
0 0.118125 0.798889 0.031250 0.104444
0 0.194375 0.914444 0.031250 0.104444
0 0.321875 0.801111 0.031250 0.104444
0 0.174375 0.778889 0.031250 0.104444
0 0.145000 0.595556 0.022500 0.088889
0 0.298750 0.657778 0.022500 0.088889
0 0.121250 0.642222 0.022500 0.088889
0 0.182500 0.602222 0.022500 0.088889
0 0.682500 0.691111 0.022500 0.088889
0 0.538750 0.713333 0.022500 0.088889
0 0.043750 0.766667 0.022500 0.088889
0 0.023750 0.702222 0.022500 0.088889
0 0.723750 0.936667 0.027500 0.126667
0 0.680000 0.840000 0.022500 0.088889
0 0.543750 0.646667 0.022500 0.088889
0 0.587500 0.631111 0.022500 0.088889
0 0.771250 0.695556 0.022500 0.088889
0 0.660000 0.766667 0.022500 0.088889
0 0.751250 0.644444 0.022500 0.088889
0 0.897500 0.691111 0.022500 0.088889
0 0.800000 0.637778 0.025000 0.075556
0 0.780625 0.607778 0.018750 0.073333
1 0.601250 0.782222 0.075000 0.164444
1 0.757500 0.822222 0.095000 0.120000
1 0.911875 0.878889 0.176250 0.242222
2 0.898125 0.622222 0.018750 0.053333
