0 0.036250 0.872222 0.040000 0.126667
0 0.151875 0.817778 0.028750 0.137778
0 0.070625 0.721111 0.038750 0.122222
0 0.202500 0.670000 0.025000 0.122222
0 0.118750 0.665556 0.025000 0.113333
0 0.170625 0.611111 0.023750 0.088889
0 0.234375 0.608889 0.021250 0.088889
0 0.148125 0.745556 0.036250 0.086667
0 0.637500 0.801111 0.042500 0.104444
0 0.779375 0.933333 0.043750 0.115556
0 0.805625 0.825556 0.043750 0.126667
0 0.940000 0.870000 0.042500 0.131111
0 0.908125 0.793333 0.043750 0.102222
0 0.865000 0.707778 0.045000 0.126667
0 0.894375 0.663333 0.028750 0.108889
0 0.831250 0.602222 0.027500 0.084444
0 0.775625 0.568889 0.028750 0.071111
0 0.558750 0.585556 0.032500 0.086667
1 0.586875 0.733333 0.066250 0.137778
1 0.678750 0.633333 0.067500 0.097778
1 0.702500 0.765556 0.095000 0.157778
1 0.354375 0.774444 0.098750 0.202222
1 0.290625 0.617778 0.088750 0.120000
1 0.370625 0.561111 0.046250 0.122222
1 0.426250 0.500000 0.040000 0.115556
