0 0.588125 0.726667 0.026250 0.120000
0 0.666250 0.815556 0.030000 0.111111
0 0.727500 0.776667 0.027500 0.108889
0 0.780000 0.841111 0.025000 0.117778
0 0.845625 0.865556 0.028750 0.108889
0 0.900000 0.764444 0.022500 0.111111
0 0.832500 0.754444 0.022500 0.095556
0 0.731250 0.698889 0.025000 0.077778
0 0.923125 0.731111 0.028750 0.093333
0 0.752500 0.673333 0.027500 0.084444
0 0.830000 0.687778 0.025000 0.068889
1 0.155625 0.682222 0.101250 0.160000
1 0.655000 0.650000 0.070000 0.126667
2 0.568125 0.615556 0.018750 0.097778
