0 0.899375 0.788889 0.026250 0.097778
0 0.204375 0.620000 0.026250 0.097778
0 0.842500 0.754444 0.030000 0.104444
0 0.800625 0.771111 0.026250 0.097778
0 0.692500 0.925556 0.022500 0.113333
0 0.944375 0.912222 0.043750 0.140000
0 0.879375 0.597778 0.026250 0.097778
0 0.241875 0.646667 0.026250 0.097778
0 0.309375 0.842222 0.031250 0.133333
0 0.651875 0.631111 0.026250 0.097778
0 0.585625 0.684444 0.026250 0.097778
0 0.048125 0.874444 0.033750 0.113333
0 0.064375 0.740000 0.026250 0.097778
0 0.565625 0.624444 0.026250 0.097778
0 0.925625 0.722222 0.026250 0.097778
0 0.793125 0.684444 0.026250 0.097778
0 0.701875 0.671111 0.026250 0.097778
1 0.308125 0.623333 0.108750 0.255556
1 0.764375 0.863333 0.118750 0.180000
