0 0.037500 0.892222 0.035000 0.144444
0 0.218125 0.648889 0.026250 0.097778
0 0.279375 0.601111 0.023750 0.082222
0 0.160625 0.581111 0.026250 0.100000
0 0.612500 0.732222 0.032500 0.104444
0 0.553125 0.695556 0.026250 0.093333
0 0.746250 0.757778 0.027500 0.115556
0 0.838125 0.797778 0.023750 0.115556
0 0.892500 0.843333 0.040000 0.135556
0 0.851250 0.632222 0.020000 0.091111
0 0.780000 0.691111 0.025000 0.097778
0 0.818125 0.682222 0.026250 0.097778
0 0.697500 0.636667 0.022500 0.077778
0 0.763125 0.610000 0.016250 0.082222
0 0.931250 0.928889 0.040000 0.128889
