0 0.083125 0.708889 0.033750 0.111111
0 0.158750 0.635556 0.017500 0.097778
0 0.286875 0.674444 0.018750 0.091111
0 0.307500 0.617778 0.020000 0.080000
0 0.200000 0.596667 0.022500 0.068889
0 0.181875 0.561111 0.023750 0.073333
0 0.285625 0.566667 0.018750 0.066667
0 0.555625 0.735556 0.023750 0.106667
0 0.609375 0.716667 0.018750 0.100000
0 0.643750 0.721111 0.025000 0.108889
0 0.676250 0.777778 0.032500 0.097778
0 0.713125 0.858889 0.028750 0.122222
0 0.760000 0.813333 0.040000 0.111111
0 0.885000 0.775556 0.027500 0.088889
0 0.970000 0.754444 0.030000 0.113333
0 0.917500 0.708889 0.030000 0.093333
0 0.700625 0.677778 0.028750 0.084444
1 0.575000 0.598889 0.050000 0.077778
1 0.660000 0.582222 0.052500 0.093333
1 0.653750 0.507778 0.050000 0.051111
1 0.801875 0.715556 0.091250 0.128889
1 0.407500 0.563333 0.065000 0.144444
1 0.324375 0.758889 0.093750 0.206667
1 0.189375 0.734444 0.133750 0.197778
1 0.248750 0.595556 0.045000 0.075556
1 0.351250 0.535556 0.047500 0.080000
