0 0.145000 0.907778 0.045000 0.162222
0 0.081875 0.784444 0.031250 0.124444
0 0.054375 0.737778 0.036250 0.120000
0 0.168750 0.738889 0.027500 0.126667
0 0.236875 0.724444 0.031250 0.124444
0 0.336250 0.715556 0.025000 0.120000
0 0.111250 0.640000 0.030000 0.084444
0 0.188750 0.617778 0.022500 0.097778
0 0.215000 0.625556 0.022500 0.091111
0 0.235625 0.662222 0.031250 0.093333
0 0.288750 0.591111 0.025000 0.080000
0 0.556875 0.637778 0.031250 0.115556
0 0.798125 0.823333 0.036250 0.126667
0 0.864375 0.808889 0.031250 0.133333
0 0.886875 0.768889 0.041250 0.111111
0 0.713750 0.661111 0.022500 0.095556
0 0.841875 0.672222 0.026250 0.095556
0 0.734375 0.623333 0.028750 0.082222
0 0.782500 0.606667 0.020000 0.084444
0 0.658125 0.598889 0.023750 0.082222
