0 0.301875 0.657778 0.031250 0.102222
0 0.323750 0.600000 0.022500 0.084444
0 0.227500 0.630000 0.025000 0.082222
0 0.186875 0.606667 0.021250 0.084444
0 0.641875 0.767778 0.026250 0.117778
0 0.625000 0.676667 0.027500 0.091111
0 0.823750 0.788889 0.032500 0.106667
0 0.708125 0.666667 0.021250 0.088889
0 0.681875 0.622222 0.016250 0.075556
0 0.718750 0.621111 0.027500 0.073333
0 0.802500 0.617778 0.020000 0.084444
0 0.806875 0.724444 0.036250 0.111111
0 0.833125 0.700000 0.028750 0.097778
0 0.754375 0.591111 0.021250 0.075556
1 0.771875 0.871111 0.111250 0.182222
1 0.358750 0.732222 0.085000 0.188889
