0 0.053125 0.810000 0.023750 0.153333
0 0.086250 0.833333 0.027500 0.097778
0 0.158750 0.773333 0.032500 0.093333
0 0.111250 0.762222 0.037500 0.102222
0 0.075625 0.726667 0.041250 0.097778
0 0.033750 0.716667 0.032500 0.113333
0 0.144375 0.666667 0.021250 0.093333
0 0.174375 0.705556 0.028750 0.082222
0 0.228750 0.665556 0.017500 0.068889
0 0.253125 0.621111 0.026250 0.086667
0 0.206250 0.611111 0.027500 0.088889
0 0.565625 0.927778 0.041250 0.135556
0 0.716250 0.952222 0.040000 0.091111
0 0.558125 0.751111 0.031250 0.106667
0 0.874375 0.910000 0.041250 0.140000
0 0.933125 0.890000 0.043750 0.117778
0 0.846875 0.790000 0.028750 0.122222
0 0.684375 0.678889 0.028750 0.104444
0 0.733750 0.678889 0.030000 0.086667
0 0.817500 0.721111 0.030000 0.077778
0 0.816250 0.618889 0.035000 0.082222
0 0.756875 0.640000 0.028750 0.088889
0 0.916875 0.801111 0.036250 0.095556
0 0.211250 0.551111 0.025000 0.062222
1 0.625000 0.681111 0.075000 0.193333
1 0.774375 0.833333 0.111250 0.177778
1 0.365625 0.727778 0.081250 0.166667
1 0.256250 0.737778 0.097500 0.146667
1 0.329375 0.582222 0.053750 0.106667
1 0.409375 0.542222 0.043750 0.075556
1 0.128125 0.910000 0.128750 0.175556
