0 0.551250 0.645556 0.025000 0.086667
0 0.640000 0.856667 0.037500 0.144444
0 0.719375 0.854444 0.041250 0.126667
0 0.748750 0.780000 0.030000 0.102222
0 0.646250 0.701111 0.022500 0.100000
0 0.692500 0.705556 0.025000 0.108889
0 0.733125 0.685556 0.023750 0.086667
0 0.764375 0.730000 0.031250 0.095556
0 0.805000 0.740000 0.022500 0.111111
0 0.832500 0.712222 0.017500 0.100000
0 0.948125 0.700000 0.028750 0.088889
0 0.833750 0.911111 0.045000 0.133333
0 0.893125 0.920000 0.041250 0.133333
0 0.864375 0.767778 0.038750 0.100000
0 0.867500 0.671111 0.030000 0.084444
0 0.922500 0.838889 0.047500 0.131111
