0 0.275000 0.674444 0.027500 0.095556
0 0.163750 0.603333 0.020000 0.077778
0 0.128125 0.600000 0.026250 0.093333
0 0.274375 0.605556 0.023750 0.068889
0 0.238750 0.627778 0.027500 0.095556
0 0.665625 0.605556 0.021250 0.077778
0 0.767500 0.623333 0.027500 0.095556
0 0.955625 0.727778 0.028750 0.091111
0 0.825000 0.603333 0.027500 0.095556
0 0.742500 0.636667 0.030000 0.095556
0 0.731250 0.950000 0.027500 0.095556
0 0.757500 0.861111 0.027500 0.095556
0 0.688750 0.801111 0.027500 0.095556
0 0.665000 0.747778 0.027500 0.095556
0 0.642500 0.678889 0.027500 0.095556
0 0.536250 0.663333 0.027500 0.095556
0 0.200000 0.621111 0.027500 0.095556
0 0.246250 0.774444 0.027500 0.095556
0 0.196250 0.903333 0.042500 0.148889
0 0.056250 0.676667 0.027500 0.095556
0 0.078125 0.702222 0.021250 0.080000
1 0.600000 0.772222 0.075000 0.171111
1 0.843125 0.774444 0.143750 0.220000
1 0.143125 0.725556 0.106250 0.175556
2 0.874375 0.637778 0.026250 0.084444
