0 0.735625 0.823333 0.031250 0.122222
0 0.911875 0.931111 0.031250 0.124444
0 0.980625 0.836667 0.031250 0.122222
0 0.710000 0.682222 0.025000 0.097778
0 0.881250 0.717778 0.027500 0.093333
0 0.600625 0.640000 0.026250 0.093333
0 0.923125 0.801111 0.036250 0.100000
0 0.663125 0.744444 0.031250 0.120000
0 0.808125 0.792222 0.031250 0.122222
0 0.649375 0.812222 0.031250 0.122222
0 0.842500 0.595556 0.027500 0.093333
0 0.930000 0.724444 0.027500 0.093333
0 0.772500 0.791111 0.027500 0.093333
1 0.573125 0.764444 0.068750 0.151111
