0 0.165000 0.725556 0.025000 0.108889
0 0.532500 0.685556 0.025000 0.108889
0 0.541250 0.776667 0.025000 0.108889
0 0.182500 0.861111 0.025000 0.108889
0 0.205000 0.694444 0.025000 0.108889
0 0.085000 0.696667 0.025000 0.108889
0 0.745000 0.834444 0.025000 0.108889
0 0.711250 0.778889 0.025000 0.108889
0 0.560000 0.910000 0.025000 0.108889
0 0.148125 0.664444 0.021250 0.088889
0 0.767500 0.720000 0.025000 0.088889
0 0.816250 0.828889 0.025000 0.088889
0 0.740000 0.620000 0.025000 0.088889
0 0.712500 0.646667 0.025000 0.088889
0 0.697500 0.608889 0.025000 0.088889
0 0.633125 0.635556 0.023750 0.080000
0 0.806250 0.588889 0.025000 0.088889
0 0.791250 0.684444 0.025000 0.088889
0 0.934375 0.867778 0.033750 0.108889
0 0.861250 0.837778 0.025000 0.088889
1 0.635000 0.885556 0.102500 0.166667
1 0.596875 0.702222 0.066250 0.142222
1 0.361875 0.644444 0.068750 0.128889
1 0.275000 0.673333 0.075000 0.137778
1 0.065000 0.894444 0.127500 0.211111
2 0.846250 0.652222 0.025000 0.100000
