0 0.175000 0.656667 0.027500 0.104444
0 0.315000 0.636667 0.027500 0.104444
0 0.235000 0.798889 0.027500 0.104444
0 0.037500 0.796667 0.027500 0.104444
0 0.090000 0.741111 0.027500 0.104444
0 0.543750 0.805556 0.027500 0.104444
0 0.177500 0.897778 0.032500 0.137778
0 0.206250 0.572222 0.027500 0.104444
0 0.818750 0.838889 0.027500 0.104444
0 0.838750 0.636667 0.027500 0.104444
0 0.754375 0.648889 0.021250 0.093333
0 0.913750 0.756667 0.027500 0.104444
0 0.567500 0.636667 0.027500 0.104444
0 0.693750 0.576667 0.020000 0.073333
0 0.792500 0.667778 0.030000 0.091111
0 0.960000 0.752222 0.027500 0.104444
0 0.866250 0.830000 0.027500 0.104444
0 0.892500 0.672222 0.027500 0.104444
0 0.798750 0.761111 0.027500 0.104444
0 0.981250 0.943333 0.030000 0.104444
1 0.638750 0.917778 0.120000 0.155556
1 0.731250 0.828889 0.102500 0.146667
1 0.328750 0.791111 0.102500 0.200000
2 0.614375 0.640000 0.013750 0.097778
2 0.630000 0.621111 0.012500 0.086667
1 0.400000 0.603333 0.057500 0.122222
1 0.263750 0.620000 0.072500 0.097778
1 0.711250 0.682222 0.077500 0.115556
