0 0.611250 0.874444 0.037500 0.117778
0 0.773750 0.808889 0.025000 0.080000
0 0.776250 0.936667 0.035000 0.100000
0 0.837500 0.833333 0.037500 0.080000
0 0.801250 0.745556 0.032500 0.086667
0 0.866250 0.717778 0.035000 0.084444
0 0.896875 0.791111 0.033750 0.093333
0 0.901875 0.890000 0.031250 0.148889
0 0.751250 0.672222 0.032500 0.095556
0 0.718125 0.666667 0.026250 0.080000
0 0.773750 0.638889 0.017500 0.082222
0 0.818125 0.612222 0.026250 0.086667
2 0.538125 0.611111 0.018750 0.080000
1 0.677500 0.725556 0.087500 0.162222
1 0.195625 0.625556 0.066250 0.126667
