0 0.747500 0.710000 0.027500 0.104444
0 0.866250 0.701111 0.030000 0.064444
0 0.941250 0.845556 0.027500 0.104444
0 0.946250 0.740000 0.020000 0.097778
0 0.908750 0.752222 0.027500 0.104444
0 0.868750 0.770000 0.027500 0.104444
0 0.828125 0.615556 0.013750 0.106667
0 0.805000 0.761111 0.027500 0.104444
0 0.666250 0.678889 0.027500 0.104444
0 0.636250 0.683333 0.027500 0.104444
0 0.654375 0.601111 0.023750 0.064444
0 0.070000 0.805556 0.027500 0.104444
0 0.217500 0.636667 0.027500 0.104444
0 0.243750 0.652222 0.027500 0.104444
0 0.181250 0.694444 0.027500 0.104444
0 0.124375 0.858889 0.031250 0.144444
1 0.715625 0.855556 0.096250 0.160000
1 0.258750 0.841111 0.115000 0.197778
1 0.766250 0.581111 0.117500 0.162222
1 0.606250 0.586667 0.052500 0.080000
