0 0.121250 0.745556 0.030000 0.113333
0 0.176250 0.830000 0.030000 0.113333
0 0.211250 0.738889 0.030000 0.113333
0 0.273750 0.690000 0.030000 0.113333
0 0.613750 0.721111 0.030000 0.113333
0 0.096250 0.712222 0.030000 0.113333
0 0.753750 0.658889 0.030000 0.113333
0 0.021250 0.794444 0.030000 0.113333
0 0.821250 0.878889 0.030000 0.113333
0 0.815625 0.631111 0.023750 0.097778
0 0.792500 0.645556 0.025000 0.082222
0 0.850000 0.703333 0.025000 0.082222
0 0.905000 0.687778 0.025000 0.082222
0 0.845000 0.625556 0.025000 0.082222
0 0.923750 0.752222 0.025000 0.082222
1 0.751250 0.926667 0.122500 0.146667
1 0.672500 0.682222 0.067500 0.102222
1 0.870000 0.833333 0.132500 0.164444
2 0.255000 0.596667 0.017500 0.095556
2 0.278750 0.617778 0.015000 0.071111
