0 0.600000 0.741111 0.025000 0.104444
0 0.545000 0.667778 0.025000 0.095556
0 0.678750 0.765556 0.027500 0.113333
0 0.731250 0.826667 0.032500 0.111111
0 0.822500 0.928889 0.035000 0.137778
0 0.821875 0.758889 0.021250 0.100000
0 0.853125 0.768889 0.031250 0.115556
0 0.798750 0.678889 0.025000 0.086667
0 0.768125 0.624444 0.023750 0.075556
0 0.637500 0.651111 0.022500 0.088889
0 0.571250 0.614444 0.020000 0.077778
0 0.618750 0.612222 0.015000 0.077778
0 0.675625 0.614444 0.018750 0.077778
1 0.745625 0.714444 0.081250 0.117778
