0 0.861250 0.674444 0.025000 0.086667
0 0.892500 0.834444 0.025000 0.086667
0 0.822500 0.767778 0.025000 0.086667
0 0.800000 0.798889 0.025000 0.086667
0 0.647500 0.650000 0.025000 0.086667
0 0.623750 0.707778 0.025000 0.086667
0 0.742500 0.634444 0.025000 0.086667
2 0.671250 0.636667 0.025000 0.086667
0 0.932500 0.718889 0.025000 0.086667
0 0.888750 0.732222 0.025000 0.086667
0 0.625000 0.607778 0.025000 0.086667
0 0.195000 0.603333 0.025000 0.086667
0 0.781250 0.643333 0.025000 0.086667
1 0.325000 0.794444 0.132500 0.362222
1 0.220000 0.714444 0.112500 0.206667
1 0.738125 0.756667 0.098750 0.140000
1 0.771875 0.932222 0.128750 0.135556
