0 0.116875 0.841111 0.038750 0.153333
0 0.196875 0.804444 0.036250 0.120000
0 0.275000 0.791111 0.032500 0.124444
0 0.321875 0.774444 0.028750 0.131111
0 0.055625 0.757778 0.033750 0.128889
0 0.141250 0.731111 0.035000 0.111111
0 0.204375 0.712222 0.028750 0.095556
0 0.245000 0.687778 0.022500 0.091111
0 0.310000 0.636667 0.022500 0.091111
0 0.283125 0.625556 0.018750 0.086667
0 0.352500 0.617778 0.022500 0.088889
0 0.726250 0.908889 0.032500 0.133333
0 0.557500 0.657778 0.027500 0.097778
0 0.791250 0.814444 0.025000 0.113333
0 0.862500 0.895556 0.040000 0.137778
0 0.759375 0.738889 0.028750 0.108889
0 0.814375 0.737778 0.031250 0.111111
0 0.719375 0.643333 0.026250 0.091111
0 0.771250 0.676667 0.027500 0.095556
0 0.808750 0.662222 0.030000 0.093333
1 0.670000 0.704444 0.077500 0.115556
