0 0.029375 0.786667 0.028750 0.111111
0 0.085000 0.691111 0.027500 0.111111
0 0.298750 0.595556 0.020000 0.084444
0 0.637500 0.740000 0.027500 0.097778
0 0.743750 0.820000 0.027500 0.120000
0 0.776875 0.786667 0.031250 0.111111
0 0.923750 0.836667 0.027500 0.131111
0 0.816875 0.712222 0.026250 0.082222
0 0.693125 0.670000 0.018750 0.095556
0 0.720000 0.660000 0.022500 0.084444
0 0.781250 0.617778 0.015000 0.071111
0 0.831250 0.643333 0.025000 0.091111
0 0.805000 0.594444 0.015000 0.082222
0 0.763750 0.582222 0.017500 0.071111
1 0.233125 0.705556 0.103750 0.215556
1 0.210625 0.538889 0.138750 0.171111
1 0.566875 0.732222 0.068750 0.131111
1 0.641875 0.631111 0.063750 0.115556
