0 0.200625 0.780000 0.033750 0.115556
0 0.261875 0.581111 0.028750 0.073333
0 0.613125 0.893333 0.038750 0.124444
0 0.571250 0.792222 0.032500 0.117778
0 0.599375 0.692222 0.026250 0.104444
0 0.753125 0.775556 0.028750 0.111111
0 0.557500 0.602222 0.020000 0.093333
0 0.831875 0.861111 0.041250 0.122222
0 0.721250 0.920000 0.042500 0.151111
0 0.941875 0.737778 0.056250 0.102222
0 0.797500 0.770000 0.037500 0.122222
0 0.804375 0.583333 0.028750 0.073333
0 0.802500 0.653333 0.032500 0.088889
0 0.756875 0.650000 0.026250 0.082222
0 0.839375 0.672222 0.023750 0.082222
1 0.670625 0.613333 0.083750 0.191111
1 0.413125 0.552222 0.041250 0.091111
1 0.334375 0.868889 0.116250 0.208889
1 0.279375 0.638889 0.071250 0.104444
1 0.337500 0.570000 0.055000 0.086667
2 0.181875 0.615556 0.021250 0.084444
