0 0.057500 0.906667 0.042500 0.164444
0 0.292500 0.760000 0.032500 0.133333
0 0.211875 0.757778 0.036250 0.115556
0 0.141875 0.735556 0.043750 0.115556
0 0.216250 0.660000 0.025000 0.075556
0 0.180000 0.593333 0.020000 0.102222
0 0.231875 0.617778 0.023750 0.080000
0 0.130625 0.822222 0.026250 0.106667
0 0.580000 0.655556 0.030000 0.106667
0 0.848750 0.881111 0.042500 0.135556
0 0.896250 0.832222 0.045000 0.135556
0 0.919375 0.716667 0.038750 0.113333
0 0.764375 0.697778 0.028750 0.111111
0 0.841250 0.652222 0.022500 0.095556
0 0.817500 0.704444 0.030000 0.106667
0 0.728125 0.618889 0.033750 0.086667
0 0.772500 0.617778 0.027500 0.075556
1 0.719375 0.894444 0.148750 0.202222
1 0.673750 0.694444 0.087500 0.126667
1 0.356875 0.553333 0.038750 0.084444
2 0.861250 0.568889 0.015000 0.066667
