0 0.656875 0.740000 0.018750 0.111111
0 0.702500 0.735556 0.030000 0.115556
0 0.742500 0.712222 0.032500 0.100000
0 0.735625 0.911111 0.023750 0.142222
0 0.826250 0.771111 0.025000 0.115556
0 0.752500 0.622222 0.022500 0.062222
0 0.551250 0.666667 0.025000 0.111111
0 0.883125 0.803333 0.031250 0.113333
0 0.850625 0.747778 0.026250 0.100000
0 0.888750 0.687778 0.027500 0.095556
0 0.940000 0.701111 0.025000 0.073333
0 0.807500 0.606667 0.027500 0.053333
0 0.661875 0.648889 0.023750 0.080000
0 0.703125 0.657778 0.023750 0.066667
