0 0.536250 0.703333 0.027500 0.086667
0 0.957500 0.758889 0.027500 0.086667
0 0.912500 0.756667 0.022500 0.091111
0 0.851250 0.838889 0.027500 0.086667
0 0.655000 0.681111 0.027500 0.086667
0 0.795000 0.781111 0.027500 0.086667
0 0.675000 0.752222 0.027500 0.086667
0 0.568750 0.714444 0.027500 0.086667
0 0.346250 0.665556 0.027500 0.086667
0 0.958125 0.887778 0.031250 0.113333
0 0.290000 0.736667 0.027500 0.086667
0 0.385000 0.734444 0.027500 0.086667
0 0.924375 0.931111 0.036250 0.111111
0 0.845000 0.747778 0.022500 0.091111
0 0.626250 0.944444 0.025000 0.106667
0 0.313750 0.665556 0.027500 0.086667
0 0.117500 0.714444 0.027500 0.086667
0 0.187500 0.670000 0.027500 0.086667
0 0.278750 0.652222 0.027500 0.086667
0 0.220000 0.630000 0.027500 0.086667
0 0.166250 0.745556 0.027500 0.086667
0 0.036250 0.787778 0.027500 0.086667
0 0.100000 0.847778 0.027500 0.086667
0 0.053750 0.853333 0.035000 0.133333
0 0.050000 0.712222 0.027500 0.086667
0 0.093750 0.705556 0.027500 0.086667
0 0.241250 0.758889 0.027500 0.086667
0 0.882500 0.674444 0.022500 0.091111
1 0.306250 0.874444 0.122500 0.237778
1 0.164375 0.886667 0.136250 0.208889
