0 0.186250 0.734444 0.057500 0.122222
0 0.523125 0.656667 0.023750 0.091111
0 0.665625 0.781111 0.023750 0.091111
0 0.661875 0.894444 0.026250 0.113333
0 0.580000 0.928889 0.027500 0.120000
0 0.618125 0.900000 0.028750 0.133333
0 0.554375 0.805556 0.023750 0.091111
0 0.621875 0.776667 0.023750 0.091111
0 0.963125 0.936667 0.033750 0.113333
0 0.871875 0.832222 0.026250 0.113333
0 0.863125 0.741111 0.023750 0.091111
0 0.666875 0.694444 0.023750 0.091111
0 0.883125 0.657778 0.023750 0.102222
0 0.981875 0.774444 0.033750 0.113333
0 0.627500 0.708889 0.025000 0.080000
0 0.637500 0.646667 0.025000 0.080000
1 0.763125 0.795556 0.126250 0.240000
1 0.577500 0.635556 0.075000 0.182222
