0 0.580625 0.718889 0.023750 0.091111
0 0.971875 0.760000 0.026250 0.088889
0 0.644375 0.705556 0.031250 0.086667
0 0.661875 0.810000 0.031250 0.086667
0 0.616250 0.850000 0.030000 0.126667
0 0.560000 0.785556 0.027500 0.077778
0 0.563125 0.893333 0.033750 0.128889
0 0.783125 0.742222 0.026250 0.088889
0 0.900000 0.951111 0.037500 0.093333
0 0.835625 0.884444 0.028750 0.106667
0 0.901875 0.757778 0.026250 0.088889
0 0.843125 0.815556 0.026250 0.088889
0 0.811875 0.693333 0.026250 0.088889
0 0.541875 0.720000 0.026250 0.088889
0 0.193125 0.622222 0.026250 0.088889
0 0.303125 0.624444 0.026250 0.088889
0 0.156875 0.757778 0.021250 0.106667
0 0.199375 0.700000 0.026250 0.088889
0 0.244375 0.648889 0.026250 0.088889
0 0.136875 0.671111 0.026250 0.088889
0 0.111875 0.648889 0.026250 0.088889
0 0.140625 0.588889 0.026250 0.088889
0 0.269375 0.812222 0.031250 0.131111
0 0.046875 0.723333 0.026250 0.095556
0 0.090625 0.822222 0.031250 0.142222
0 0.046875 0.810000 0.041250 0.117778
0 0.346875 0.580000 0.026250 0.088889
1 0.735625 0.821111 0.091250 0.140000
1 0.386875 0.617778 0.058750 0.097778
2 0.426875 0.716667 0.018750 0.104444
