0 0.693750 0.730000 0.027500 0.113333
0 0.657500 0.794444 0.027500 0.113333
0 0.616250 0.832222 0.027500 0.113333
0 0.052500 0.803333 0.027500 0.113333
0 0.855000 0.870000 0.027500 0.113333
0 0.822500 0.878889 0.027500 0.113333
0 0.775000 0.763333 0.027500 0.113333
0 0.950000 0.878889 0.027500 0.113333
0 0.902500 0.863333 0.027500 0.113333
0 0.925000 0.730000 0.027500 0.113333
0 0.958750 0.787778 0.027500 0.113333
0 0.816250 0.705556 0.027500 0.113333
0 0.885000 0.758889 0.027500 0.113333
0 0.847500 0.647778 0.027500 0.113333
0 0.837500 0.770000 0.027500 0.113333
1 0.618125 0.614444 0.066250 0.135556
2 0.881875 0.588889 0.021250 0.084444
