0 0.311250 0.631111 0.022500 0.088889
0 0.285000 0.622222 0.022500 0.088889
0 0.230000 0.706667 0.022500 0.088889
0 0.206250 0.675556 0.022500 0.088889
0 0.153750 0.684444 0.022500 0.088889
0 0.560000 0.751111 0.022500 0.088889
0 0.265000 0.593333 0.022500 0.088889
0 0.158750 0.618889 0.022500 0.086667
0 0.631250 0.764444 0.022500 0.088889
0 0.671250 0.817778 0.022500 0.088889
0 0.635000 0.877778 0.022500 0.088889
0 0.843750 0.777778 0.022500 0.088889
0 0.854375 0.874444 0.028750 0.104444
0 0.793750 0.786667 0.022500 0.088889
0 0.923125 0.864444 0.023750 0.111111
0 0.948750 0.800000 0.032500 0.106667
0 0.881875 0.788889 0.028750 0.102222
0 0.975000 0.936667 0.027500 0.122222
0 0.795000 0.688889 0.022500 0.088889
0 0.830000 0.715556 0.022500 0.088889
0 0.901250 0.711111 0.022500 0.088889
0 0.866250 0.657778 0.022500 0.088889
0 0.890000 0.646667 0.022500 0.088889
0 0.655000 0.733333 0.022500 0.088889
0 0.690000 0.713333 0.022500 0.088889
1 0.584375 0.554444 0.088750 0.224444
