0 0.085625 0.815556 0.036250 0.137778
0 0.183750 0.751111 0.027500 0.115556
0 0.098125 0.683333 0.036250 0.077778
0 0.225000 0.651111 0.022500 0.088889
0 0.168750 0.708889 0.022500 0.102222
0 0.143125 0.631111 0.023750 0.088889
0 0.188125 0.596667 0.023750 0.095556
0 0.251250 0.576667 0.020000 0.077778
0 0.641875 0.830000 0.033750 0.117778
0 0.818125 0.876667 0.036250 0.131111
0 0.883125 0.725556 0.043750 0.100000
0 0.878125 0.640000 0.036250 0.084444
0 0.780625 0.582222 0.023750 0.066667
0 0.568750 0.598889 0.022500 0.086667
0 0.938125 0.836667 0.041250 0.104444
1 0.591875 0.746667 0.068750 0.124444
1 0.683750 0.652222 0.077500 0.108889
1 0.713750 0.795556 0.105000 0.155556
1 0.371250 0.723333 0.085000 0.184444
1 0.301250 0.608889 0.085000 0.115556
1 0.428125 0.491111 0.043750 0.111111
