0 0.113125 0.855556 0.028750 0.128889
0 0.131875 0.763333 0.028750 0.104444
0 0.168750 0.806667 0.035000 0.115556
0 0.191875 0.722222 0.023750 0.111111
0 0.226875 0.726667 0.031250 0.120000
0 0.267500 0.725556 0.027500 0.100000
0 0.321250 0.727778 0.030000 0.113333
0 0.335000 0.634444 0.022500 0.095556
0 0.391250 0.635556 0.027500 0.115556
0 0.178750 0.642222 0.020000 0.088889
0 0.219375 0.648889 0.021250 0.075556
0 0.164375 0.615556 0.021250 0.084444
0 0.692500 0.762222 0.022500 0.115556
0 0.738125 0.808889 0.028750 0.093333
0 0.746250 0.891111 0.040000 0.128889
0 0.800000 0.758889 0.035000 0.113333
0 0.843750 0.694444 0.050000 0.104444
0 0.751250 0.707778 0.032500 0.108889
0 0.726875 0.663333 0.018750 0.091111
0 0.785625 0.672222 0.026250 0.082222
0 0.752500 0.625556 0.027500 0.077778
0 0.789375 0.616667 0.028750 0.073333
0 0.946875 0.730000 0.041250 0.091111
0 0.952500 0.854444 0.042500 0.135556
1 0.651250 0.643333 0.070000 0.091111
