0 0.050000 0.750000 0.032500 0.117778
0 0.186875 0.842222 0.033750 0.146667
0 0.235625 0.862222 0.036250 0.146667
0 0.126250 0.663333 0.027500 0.091111
0 0.218750 0.620000 0.020000 0.102222
0 0.288125 0.578889 0.018750 0.095556
0 0.543125 0.598889 0.016250 0.082222
0 0.675000 0.878889 0.042500 0.122222
0 0.745625 0.831111 0.026250 0.111111
0 0.781875 0.798889 0.036250 0.113333
0 0.861250 0.794444 0.030000 0.126667
0 0.903125 0.681111 0.036250 0.108889
0 0.758125 0.698889 0.026250 0.091111
0 0.805000 0.684444 0.025000 0.084444
0 0.862500 0.636667 0.027500 0.077778
0 0.731875 0.611111 0.018750 0.071111
0 0.768750 0.626667 0.027500 0.075556
0 0.616250 0.594444 0.022500 0.082222
0 0.701875 0.595556 0.018750 0.084444
0 0.674375 0.587778 0.023750 0.091111
0 0.822500 0.630000 0.020000 0.073333
1 0.603125 0.693333 0.061250 0.111111
1 0.693750 0.681111 0.070000 0.095556
