0 0.075000 0.662222 0.022500 0.093333
0 0.158750 0.653333 0.022500 0.093333
0 0.181250 0.704444 0.022500 0.093333
0 0.196250 0.755556 0.022500 0.093333
0 0.213125 0.807778 0.023750 0.113333
0 0.115000 0.880000 0.030000 0.102222
0 0.131250 0.780000 0.022500 0.093333
0 0.048750 0.726667 0.022500 0.093333
0 0.101250 0.728889 0.022500 0.093333
0 0.178750 0.595556 0.022500 0.093333
0 0.226250 0.677778 0.022500 0.093333
0 0.255000 0.602222 0.022500 0.093333
0 0.278750 0.608889 0.022500 0.093333
0 0.232500 0.591111 0.022500 0.093333
0 0.926875 0.818889 0.023750 0.113333
0 0.975625 0.892222 0.023750 0.113333
0 0.541875 0.905556 0.023750 0.113333
0 0.810000 0.703333 0.022500 0.073333
0 0.727500 0.634444 0.030000 0.086667
0 0.671250 0.686667 0.030000 0.102222
0 0.873750 0.804444 0.030000 0.102222
0 0.948750 0.712222 0.022500 0.073333
0 0.907500 0.701111 0.022500 0.073333
0 0.853750 0.716667 0.022500 0.073333
0 0.825625 0.665556 0.016250 0.073333
0 0.878750 0.667778 0.022500 0.073333
0 0.788750 0.661111 0.022500 0.073333
1 0.620625 0.822222 0.098750 0.173333
1 0.760625 0.806667 0.128750 0.226667
1 0.602500 0.636667 0.062500 0.095556
1 0.404375 0.610000 0.058750 0.135556
1 0.300625 0.673333 0.083750 0.115556
