0 0.826250 0.900000 0.025000 0.093333
0 0.542500 0.628889 0.025000 0.093333
0 0.720000 0.948889 0.025000 0.093333
0 0.638750 0.931111 0.025000 0.093333
0 0.610000 0.851111 0.025000 0.093333
0 0.557500 0.764444 0.025000 0.093333
0 0.541250 0.886667 0.025000 0.093333
0 0.911875 0.914444 0.038750 0.104444
0 0.851250 0.846667 0.025000 0.093333
0 0.752500 0.808889 0.025000 0.093333
0 0.676250 0.804444 0.025000 0.093333
0 0.748750 0.688889 0.025000 0.093333
0 0.822500 0.766667 0.025000 0.093333
0 0.792500 0.797778 0.025000 0.093333
0 0.231250 0.568889 0.025000 0.093333
0 0.155000 0.600000 0.025000 0.093333
0 0.031875 0.912222 0.033750 0.140000
0 0.095000 0.757778 0.025000 0.093333
0 0.128750 0.786667 0.025000 0.093333
0 0.326250 0.682222 0.025000 0.093333
0 0.173750 0.640000 0.025000 0.093333
0 0.097500 0.680000 0.025000 0.093333
1 0.611250 0.718889 0.070000 0.135556
1 0.689375 0.655556 0.083750 0.173333
1 0.214375 0.801111 0.116250 0.171111
1 0.363750 0.717778 0.072500 0.182222
1 0.595000 0.597778 0.060000 0.097778
