0 0.588125 0.716667 0.023750 0.100000
0 0.196875 0.638889 0.023750 0.100000
0 0.281875 0.687778 0.023750 0.100000
0 0.330625 0.634444 0.023750 0.100000
0 0.070625 0.772222 0.023750 0.100000
0 0.188125 0.783333 0.023750 0.100000
0 0.269375 0.781111 0.023750 0.100000
0 0.568125 0.818889 0.023750 0.100000
0 0.560625 0.936667 0.023750 0.100000
0 0.661875 0.707778 0.023750 0.100000
0 0.706875 0.723333 0.023750 0.100000
0 0.618125 0.696667 0.023750 0.100000
0 0.216875 0.563333 0.023750 0.100000
0 0.143125 0.641111 0.023750 0.100000
0 0.153125 0.701111 0.023750 0.100000
0 0.764375 0.756667 0.023750 0.100000
0 0.818125 0.718889 0.023750 0.100000
0 0.891875 0.738889 0.023750 0.100000
0 0.875625 0.867778 0.023750 0.100000
0 0.818125 0.885556 0.023750 0.100000
0 0.764375 0.870000 0.023750 0.100000
0 0.728125 0.654444 0.023750 0.100000
0 0.850625 0.683333 0.023750 0.100000
0 0.798125 0.683333 0.023750 0.100000
0 0.750625 0.690000 0.023750 0.100000
1 0.683750 0.924444 0.117500 0.146667
1 0.326250 0.867778 0.097500 0.197778
1 0.122500 0.913333 0.157500 0.173333
2 0.388125 0.631111 0.023750 0.102222
2 0.896875 0.654444 0.026250 0.068889
1 0.955000 0.891111 0.090000 0.124444
