0 0.067500 0.900000 0.045000 0.160000
0 0.185000 0.880000 0.055000 0.128889
0 0.103750 0.712222 0.045000 0.117778
0 0.058125 0.703333 0.028750 0.113333
0 0.231875 0.662222 0.031250 0.106667
0 0.147500 0.624444 0.035000 0.097778
0 0.192500 0.577778 0.025000 0.084444
0 0.231875 0.605556 0.026250 0.073333
0 0.563750 0.617778 0.030000 0.106667
0 0.604375 0.693333 0.028750 0.102222
0 0.664375 0.662222 0.028750 0.093333
0 0.836875 0.647778 0.036250 0.086667
0 0.745000 0.600000 0.020000 0.080000
0 0.713125 0.574444 0.021250 0.064444
0 0.670000 0.555556 0.020000 0.071111
0 0.273750 0.587778 0.020000 0.082222
1 0.606250 0.902222 0.097500 0.177778
1 0.722500 0.792222 0.105000 0.153333
1 0.358750 0.748889 0.092500 0.208889
1 0.340000 0.565556 0.070000 0.100000
1 0.418750 0.564444 0.040000 0.120000
1 0.604375 0.564444 0.061250 0.093333
