0 0.921250 0.763333 0.027500 0.104444
0 0.207500 0.656667 0.027500 0.104444
0 0.164375 0.794444 0.026250 0.113333
0 0.086250 0.874444 0.027500 0.104444
0 0.100000 0.734444 0.027500 0.104444
0 0.881250 0.728889 0.027500 0.084444
0 0.962500 0.765556 0.027500 0.104444
0 0.961250 0.890000 0.027500 0.104444
0 0.896250 0.790000 0.022500 0.122222
0 0.812500 0.798889 0.027500 0.104444
0 0.758750 0.723333 0.027500 0.104444
0 0.682500 0.687778 0.027500 0.104444
0 0.646250 0.703333 0.027500 0.104444
0 0.938750 0.695556 0.027500 0.084444
0 0.671875 0.597778 0.018750 0.062222
0 0.657500 0.628889 0.027500 0.084444
2 0.344375 0.611111 0.018750 0.084444
1 0.271250 0.798889 0.102500 0.175556
1 0.722500 0.880000 0.100000 0.173333
1 0.610625 0.598889 0.051250 0.086667
1 0.771250 0.594444 0.125000 0.175556
