0 0.183750 0.777778 0.042500 0.142222
0 0.688750 0.895556 0.032500 0.128889
0 0.798750 0.795556 0.032500 0.128889
0 0.848750 0.795556 0.032500 0.128889
0 0.818750 0.866667 0.032500 0.128889
0 0.756250 0.817778 0.032500 0.128889
0 0.727500 0.848889 0.032500 0.128889
0 0.906250 0.707778 0.030000 0.095556
0 0.943750 0.766667 0.032500 0.128889
0 0.877500 0.893333 0.032500 0.128889
0 0.908750 0.815556 0.032500 0.128889
0 0.706250 0.760000 0.032500 0.128889
0 0.878750 0.725556 0.030000 0.095556
0 0.815000 0.672222 0.030000 0.095556
0 0.772500 0.625556 0.030000 0.095556
1 0.611250 0.665556 0.120000 0.326667
