0 0.023125 0.716667 0.026250 0.100000
0 0.192500 0.853333 0.025000 0.133333
0 0.298750 0.734444 0.025000 0.108889
0 0.348750 0.737778 0.027500 0.120000
0 0.161875 0.694444 0.026250 0.095556
0 0.089375 0.670000 0.031250 0.100000
0 0.156250 0.636667 0.022500 0.091111
0 0.318125 0.670000 0.018750 0.077778
0 0.294375 0.605556 0.021250 0.082222
0 0.645625 0.783333 0.026250 0.117778
0 0.693750 0.760000 0.027500 0.106667
0 0.781875 0.776667 0.031250 0.113333
0 0.632500 0.671111 0.030000 0.093333
0 0.820625 0.777778 0.033750 0.124444
0 0.873125 0.807778 0.026250 0.126667
0 0.908125 0.802222 0.033750 0.120000
0 0.956250 0.881111 0.035000 0.126667
0 0.790000 0.672222 0.025000 0.086667
0 0.891875 0.684444 0.028750 0.106667
0 0.749375 0.655556 0.023750 0.093333
0 0.765625 0.707778 0.026250 0.104444
1 0.556250 0.591111 0.052500 0.088889
1 0.687500 0.662222 0.067500 0.097778
1 0.225625 0.718889 0.091250 0.126667
1 0.271875 0.932222 0.133750 0.135556
