0 0.118750 0.670000 0.022500 0.100000
0 0.285625 0.624444 0.023750 0.093333
0 0.321250 0.593333 0.020000 0.071111
0 0.644375 0.868889 0.026250 0.124444
0 0.761875 0.785556 0.036250 0.113333
0 0.810000 0.797778 0.025000 0.120000
0 0.891875 0.924444 0.036250 0.124444
0 0.756250 0.695556 0.025000 0.080000
0 0.656875 0.622222 0.023750 0.097778
0 0.696250 0.621111 0.017500 0.086667
0 0.788125 0.580000 0.016250 0.066667
1 0.346250 0.680000 0.075000 0.124444
1 0.568750 0.772222 0.077500 0.144444
1 0.695000 0.796667 0.090000 0.157778
