0 0.043750 0.814444 0.037500 0.135556
0 0.263750 0.867778 0.032500 0.140000
0 0.316250 0.751111 0.027500 0.115556
0 0.331875 0.626667 0.026250 0.097778
0 0.133125 0.743333 0.026250 0.104444
0 0.197500 0.687778 0.032500 0.108889
0 0.136875 0.645556 0.026250 0.086667
0 0.188125 0.578889 0.016250 0.068889
0 0.778750 0.765556 0.025000 0.108889
0 0.670000 0.627778 0.017500 0.091111
0 0.701250 0.615556 0.020000 0.080000
0 0.817500 0.703333 0.025000 0.095556
0 0.783125 0.646667 0.026250 0.084444
0 0.746250 0.627778 0.025000 0.086667
1 0.400000 0.593333 0.072500 0.182222
1 0.610625 0.772222 0.078750 0.148889
1 0.699375 0.755556 0.083750 0.133333
1 0.565625 0.608889 0.051250 0.093333
1 0.274375 0.652222 0.083750 0.157778
