0 0.116875 0.620000 0.023750 0.088889
0 0.263125 0.640000 0.023750 0.088889
0 0.231250 0.587778 0.025000 0.055556
0 0.226875 0.642222 0.023750 0.088889
0 0.189375 0.600000 0.023750 0.088889
0 0.145625 0.642222 0.023750 0.088889
0 0.178125 0.648889 0.023750 0.088889
0 0.258125 0.720000 0.023750 0.088889
0 0.196875 0.845556 0.028750 0.117778
0 0.039375 0.760000 0.023750 0.088889
0 0.023125 0.700000 0.023750 0.088889
0 0.755625 0.604444 0.023750 0.088889
0 0.724375 0.624444 0.023750 0.088889
0 0.669375 0.597778 0.023750 0.088889
0 0.838125 0.593333 0.023750 0.088889
0 0.744375 0.847778 0.028750 0.117778
0 0.713125 0.903333 0.036250 0.113333
0 0.684375 0.780000 0.023750 0.088889
0 0.635625 0.673333 0.023750 0.088889
0 0.535625 0.644444 0.023750 0.088889
0 0.658125 0.706667 0.023750 0.088889
1 0.600000 0.764444 0.075000 0.155556
1 0.835000 0.746667 0.120000 0.217778
1 0.101250 0.775556 0.130000 0.208889
2 0.874375 0.640000 0.021250 0.080000
