0 0.344375 0.803333 0.033750 0.135556
0 0.302500 0.768889 0.030000 0.120000
0 0.157500 0.757778 0.032500 0.111111
0 0.110000 0.737778 0.032500 0.102222
0 0.065000 0.717778 0.032500 0.088889
0 0.098750 0.868889 0.040000 0.128889
0 0.191250 0.907778 0.037500 0.135556
0 0.155000 0.651111 0.025000 0.093333
0 0.218750 0.674444 0.022500 0.095556
0 0.267500 0.651111 0.025000 0.102222
0 0.315000 0.654444 0.030000 0.104444
0 0.202500 0.596667 0.030000 0.077778
0 0.252500 0.590000 0.022500 0.086667
0 0.355000 0.594444 0.022500 0.086667
0 0.605000 0.786667 0.037500 0.120000
0 0.679375 0.785556 0.033750 0.126667
0 0.708750 0.732222 0.032500 0.104444
0 0.673125 0.678889 0.026250 0.091111
0 0.768750 0.921111 0.037500 0.140000
0 0.804375 0.834444 0.038750 0.117778
0 0.838750 0.804444 0.032500 0.120000
0 0.888125 0.844444 0.038750 0.120000
0 0.910625 0.788889 0.036250 0.120000
0 0.763750 0.685556 0.025000 0.091111
0 0.733750 0.647778 0.020000 0.082222
0 0.833750 0.680000 0.032500 0.106667
0 0.892500 0.683333 0.025000 0.100000
0 0.820625 0.584444 0.026250 0.084444
0 0.705000 0.615556 0.025000 0.080000
