0 0.131250 0.734444 0.032500 0.113333
0 0.838750 0.892222 0.032500 0.113333
0 0.656250 0.861111 0.032500 0.113333
0 0.809375 0.771111 0.026250 0.084444
0 0.880000 0.883333 0.032500 0.113333
0 0.902500 0.754444 0.032500 0.113333
0 0.663750 0.714444 0.032500 0.113333
0 0.725625 0.618889 0.018750 0.060000
0 0.764375 0.673333 0.026250 0.097778
0 0.608125 0.628889 0.026250 0.080000
0 0.638125 0.646667 0.026250 0.080000
0 0.890625 0.666667 0.026250 0.080000
0 0.818125 0.697778 0.026250 0.080000
0 0.781875 0.645556 0.018750 0.060000
0 0.966250 0.894444 0.032500 0.113333
1 0.753750 0.803333 0.100000 0.171111
1 0.365625 0.668889 0.098750 0.271111
1 0.269375 0.627778 0.088750 0.162222
2 0.688125 0.644444 0.018750 0.084444
