0 0.290000 0.616667 0.022500 0.086667
0 0.773125 0.615556 0.018750 0.066667
0 0.070625 0.883333 0.028750 0.095556
0 0.255000 0.614444 0.022500 0.077778
0 0.808750 0.658889 0.022500 0.077778
0 0.862500 0.605556 0.022500 0.077778
0 0.986250 0.861111 0.022500 0.077778
0 0.906250 0.721111 0.022500 0.077778
0 0.914375 0.807778 0.021250 0.077778
0 0.870000 0.738889 0.022500 0.077778
0 0.971250 0.734444 0.022500 0.077778
0 0.816250 0.721111 0.022500 0.077778
0 0.670000 0.638889 0.022500 0.077778
0 0.540000 0.746667 0.025000 0.102222
0 0.064375 0.773333 0.031250 0.115556
0 0.110000 0.785556 0.022500 0.108889
0 0.132500 0.842222 0.025000 0.128889
0 0.261250 0.681111 0.022500 0.077778
0 0.226250 0.618889 0.022500 0.077778
0 0.215000 0.701111 0.022500 0.077778
0 0.187500 0.696667 0.022500 0.077778
0 0.167500 0.665556 0.022500 0.077778
0 0.091250 0.681111 0.022500 0.077778
1 0.613125 0.763333 0.083750 0.153333
1 0.378125 0.690000 0.078750 0.171111
1 0.240625 0.801111 0.111250 0.162222
1 0.638750 0.955556 0.105000 0.088889
1 0.737500 0.732222 0.107500 0.188889
2 0.630000 0.638889 0.020000 0.100000
