0 0.305625 0.776667 0.026250 0.095556
0 0.903125 0.742222 0.028750 0.084444
0 0.935625 0.716667 0.026250 0.095556
0 0.964375 0.911111 0.031250 0.115556
0 0.901875 0.865556 0.026250 0.095556
0 0.836875 0.878889 0.026250 0.095556
0 0.793125 0.867778 0.026250 0.095556
0 0.640625 0.845556 0.026250 0.095556
0 0.591875 0.792222 0.026250 0.095556
0 0.560625 0.712222 0.026250 0.095556
0 0.589375 0.787778 0.026250 0.095556
0 0.156875 0.643333 0.026250 0.095556
0 0.225625 0.616667 0.026250 0.095556
0 0.365625 0.614444 0.026250 0.095556
0 0.404375 0.636667 0.026250 0.095556
0 0.345625 0.694444 0.026250 0.104444
0 0.181875 0.690000 0.026250 0.095556
0 0.136875 0.687778 0.026250 0.095556
0 0.105625 0.754444 0.026250 0.095556
0 0.021875 0.814444 0.026250 0.095556
0 0.856875 0.845556 0.026250 0.095556
0 0.809375 0.785556 0.026250 0.095556
0 0.766875 0.767778 0.026250 0.095556
0 0.598125 0.652222 0.026250 0.095556
0 0.819375 0.690000 0.026250 0.095556
1 0.694375 0.751111 0.111250 0.217778
1 0.096250 0.894444 0.157500 0.202222
