0 0.190000 0.660000 0.027500 0.080000
0 0.075000 0.695556 0.035000 0.093333
0 0.166875 0.707778 0.028750 0.095556
0 0.125625 0.798889 0.038750 0.086667
0 0.069375 0.801111 0.038750 0.086667
0 0.234375 0.634444 0.028750 0.091111
0 0.271875 0.650000 0.026250 0.082222
0 0.141250 0.612222 0.032500 0.073333
0 0.566250 0.812222 0.032500 0.131111
0 0.597500 0.764444 0.032500 0.124444
0 0.693125 0.852222 0.046250 0.140000
0 0.765000 0.814444 0.032500 0.117778
0 0.553125 0.703333 0.028750 0.095556
0 0.643750 0.716667 0.027500 0.104444
0 0.787500 0.721111 0.025000 0.100000
0 0.818750 0.805556 0.035000 0.122222
0 0.883750 0.755556 0.032500 0.111111
0 0.673125 0.681111 0.026250 0.082222
0 0.804375 0.662222 0.026250 0.093333
1 0.389375 0.690000 0.071250 0.126667
1 0.296250 0.761111 0.085000 0.193333
1 0.613125 0.585556 0.063750 0.144444
1 0.702500 0.626667 0.065000 0.097778
