0 0.063750 0.796667 0.032500 0.126667
0 0.133750 0.658889 0.020000 0.108889
0 0.183125 0.636667 0.026250 0.082222
0 0.643125 0.722222 0.026250 0.084444
0 0.723750 0.867778 0.025000 0.122222
0 0.838125 0.923333 0.033750 0.126667
0 0.831250 0.817778 0.030000 0.088889
0 0.870000 0.754444 0.027500 0.113333
0 0.792500 0.728889 0.025000 0.106667
0 0.823125 0.674444 0.026250 0.100000
0 0.677500 0.642222 0.017500 0.088889
0 0.721875 0.644444 0.026250 0.084444
0 0.769375 0.603333 0.016250 0.077778
0 0.790625 0.592222 0.018750 0.077778
0 0.651250 0.590000 0.017500 0.082222
0 0.626875 0.592222 0.026250 0.100000
0 0.581250 0.564444 0.015000 0.093333
0 0.723750 0.585556 0.012500 0.068889
0 0.699375 0.576667 0.021250 0.068889
