0 0.688750 0.641111 0.027500 0.113333
0 0.112500 0.723333 0.027500 0.113333
0 0.828750 0.858889 0.027500 0.113333
0 0.807500 0.781111 0.027500 0.113333
0 0.671250 0.903333 0.027500 0.113333
0 0.701250 0.792222 0.027500 0.113333
0 0.718750 0.687778 0.027500 0.113333
0 0.880625 0.687778 0.023750 0.095556
0 0.808125 0.676667 0.026250 0.091111
0 0.847500 0.754444 0.027500 0.113333
0 0.926250 0.854444 0.027500 0.113333
0 0.881250 0.872222 0.027500 0.113333
2 0.878750 0.593333 0.017500 0.071111
2 0.909375 0.596667 0.016250 0.077778
1 0.621875 0.651111 0.066250 0.142222
