0 0.081250 0.707778 0.027500 0.108889
0 0.115625 0.733333 0.038750 0.128889
0 0.183125 0.753333 0.028750 0.115556
0 0.206250 0.813333 0.027500 0.120000
0 0.251250 0.690000 0.030000 0.095556
0 0.209375 0.663333 0.023750 0.095556
0 0.153750 0.662222 0.022500 0.093333
0 0.309375 0.638889 0.026250 0.091111
0 0.379375 0.611111 0.028750 0.093333
0 0.237500 0.601111 0.022500 0.082222
0 0.188125 0.592222 0.023750 0.082222
0 0.133125 0.641111 0.023750 0.091111
0 0.556875 0.901111 0.053750 0.148889
0 0.790000 0.833333 0.032500 0.137778
0 0.686875 0.705556 0.026250 0.100000
0 0.725625 0.694444 0.033750 0.104444
0 0.759375 0.761111 0.028750 0.108889
0 0.814375 0.722222 0.028750 0.111111
0 0.786875 0.678889 0.026250 0.100000
0 0.842500 0.867778 0.040000 0.122222
0 0.863125 0.813333 0.036250 0.124444
0 0.946250 0.901111 0.052500 0.131111
0 0.816250 0.614444 0.022500 0.077778
0 0.871875 0.717778 0.033750 0.093333
1 0.594375 0.615556 0.058750 0.093333
