0 0.574375 0.667778 0.028750 0.082222
0 0.845625 0.873333 0.031250 0.115556
0 0.545000 0.765556 0.027500 0.086667
0 0.705625 0.804444 0.031250 0.115556
0 0.776875 0.942222 0.031250 0.115556
0 0.706875 0.933333 0.031250 0.115556
0 0.590625 0.806667 0.031250 0.115556
0 0.045625 0.777778 0.031250 0.115556
0 0.221875 0.871111 0.031250 0.115556
0 0.183125 0.626667 0.031250 0.115556
0 0.326875 0.686667 0.031250 0.115556
0 0.543125 0.681111 0.028750 0.082222
0 0.699375 0.670000 0.028750 0.086667
0 0.798125 0.670000 0.031250 0.082222
0 0.743125 0.705556 0.023750 0.095556
0 0.815625 0.780000 0.031250 0.115556
0 0.756875 0.838889 0.028750 0.100000
0 0.853125 0.712222 0.031250 0.082222
0 0.565625 0.935556 0.031250 0.115556
2 0.879375 0.665556 0.018750 0.077778
2 0.856250 0.622222 0.012500 0.080000
2 0.315625 0.622222 0.013750 0.093333
1 0.633125 0.727778 0.068750 0.122222
1 0.932500 0.831111 0.135000 0.155556
