0 0.113125 0.818889 0.031250 0.135556
0 0.166875 0.817778 0.036250 0.146667
0 0.376250 0.768889 0.035000 0.111111
0 0.111250 0.696667 0.025000 0.095556
0 0.250625 0.676667 0.028750 0.100000
0 0.290000 0.606667 0.030000 0.093333
0 0.221875 0.625556 0.021250 0.100000
0 0.238750 0.526667 0.020000 0.071111
0 0.180625 0.580000 0.021250 0.080000
0 0.191250 0.693333 0.027500 0.102222
0 0.663125 0.856667 0.048750 0.131111
0 0.908125 0.824444 0.043750 0.120000
0 0.604375 0.597778 0.023750 0.071111
0 0.767500 0.692222 0.025000 0.100000
0 0.732500 0.625556 0.025000 0.082222
0 0.822500 0.897778 0.035000 0.142222
0 0.685625 0.570000 0.021250 0.064444
0 0.846250 0.745556 0.035000 0.104444
0 0.813750 0.640000 0.027500 0.093333
0 0.573750 0.572222 0.020000 0.077778
1 0.300625 0.764444 0.081250 0.217778
1 0.371250 0.597778 0.057500 0.146667
1 0.606250 0.690000 0.062500 0.113333
1 0.716875 0.744444 0.073750 0.137778
1 0.755000 0.951111 0.107500 0.097778
