0 0.648125 0.913333 0.036250 0.124444
0 0.648750 0.788889 0.025000 0.097778
0 0.577500 0.843333 0.022500 0.135556
0 0.560000 0.682222 0.025000 0.097778
0 0.703125 0.913333 0.036250 0.124444
0 0.885625 0.915556 0.051250 0.133333
0 0.818750 0.842222 0.025000 0.097778
0 0.621250 0.646667 0.025000 0.097778
0 0.858125 0.674444 0.018750 0.104444
0 0.806250 0.742222 0.032500 0.093333
0 0.905625 0.731111 0.036250 0.124444
0 0.878750 0.651111 0.025000 0.097778
0 0.805625 0.660000 0.028750 0.080000
0 0.690000 0.637778 0.025000 0.097778
