0 0.226875 0.770000 0.028750 0.104444
0 0.374375 0.622222 0.038750 0.106667
0 0.168125 0.631111 0.023750 0.080000
0 0.278750 0.581111 0.027500 0.073333
0 0.234375 0.594444 0.021250 0.086667
0 0.198750 0.600000 0.017500 0.097778
0 0.173750 0.576667 0.015000 0.060000
0 0.566250 0.850000 0.035000 0.144444
0 0.835000 0.862222 0.045000 0.137778
0 0.719375 0.770000 0.028750 0.108889
0 0.674375 0.697778 0.026250 0.111111
0 0.737500 0.720000 0.025000 0.093333
0 0.767500 0.696667 0.022500 0.104444
0 0.814375 0.730000 0.033750 0.113333
0 0.876875 0.822222 0.043750 0.133333
0 0.791250 0.658889 0.025000 0.082222
0 0.735000 0.635556 0.030000 0.080000
0 0.671250 0.617778 0.025000 0.062222
0 0.613750 0.603333 0.017500 0.077778
0 0.851250 0.704444 0.025000 0.097778
1 0.558125 0.573333 0.051250 0.088889
0 0.937500 0.724444 0.030000 0.097778
