0 0.657500 0.611111 0.022500 0.093333
0 0.942500 0.697778 0.022500 0.093333
0 0.851250 0.724444 0.022500 0.093333
0 0.816250 0.722222 0.022500 0.093333
0 0.795000 0.666667 0.022500 0.093333
0 0.732500 0.644444 0.022500 0.093333
0 0.533750 0.593333 0.022500 0.093333
0 0.670000 0.702222 0.022500 0.093333
0 0.873750 0.695556 0.017500 0.097778
0 0.945000 0.834444 0.025000 0.113333
0 0.960625 0.792222 0.031250 0.086667
0 0.891250 0.824444 0.022500 0.093333
0 0.173750 0.635556 0.022500 0.093333
0 0.197500 0.668889 0.022500 0.093333
0 0.243750 0.642222 0.022500 0.093333
0 0.220000 0.704444 0.022500 0.093333
0 0.076250 0.693333 0.022500 0.093333
0 0.126250 0.702222 0.022500 0.093333
0 0.147500 0.826667 0.022500 0.093333
0 0.240000 0.748889 0.022500 0.093333
0 0.050625 0.920000 0.033750 0.142222
0 0.153750 0.737778 0.022500 0.093333
0 0.101250 0.644444 0.022500 0.093333
1 0.622500 0.832222 0.097500 0.184444
1 0.308750 0.907778 0.122500 0.184444
1 0.310625 0.647778 0.076250 0.108889
1 0.407500 0.593333 0.057500 0.133333
1 0.601250 0.641111 0.062500 0.100000
1 0.766250 0.817778 0.137500 0.231111
2 0.693750 0.634444 0.022500 0.104444
