0 0.155000 0.783333 0.025000 0.126667
0 0.029375 0.816667 0.036250 0.126667
0 0.224375 0.753333 0.023750 0.120000
0 0.295625 0.733333 0.028750 0.111111
0 0.338125 0.723333 0.033750 0.126667
0 0.094375 0.705556 0.033750 0.117778
0 0.045625 0.707778 0.028750 0.108889
0 0.165625 0.686667 0.028750 0.111111
0 0.260000 0.660000 0.022500 0.080000
0 0.221875 0.675556 0.018750 0.088889
0 0.318750 0.625556 0.022500 0.100000
0 0.562500 0.683333 0.032500 0.126667
0 0.772500 0.773333 0.032500 0.115556
0 0.805625 0.858889 0.038750 0.144444
0 0.830625 0.765556 0.036250 0.126667
0 0.816875 0.671111 0.023750 0.097778
0 0.721875 0.650000 0.021250 0.095556
0 0.780000 0.694444 0.025000 0.095556
0 0.692500 0.626667 0.025000 0.080000
1 0.678125 0.725556 0.088750 0.122222
