0 0.057500 0.708889 0.025000 0.093333
0 0.121250 0.720000 0.025000 0.093333
0 0.165000 0.755556 0.025000 0.093333
0 0.076250 0.773333 0.025000 0.093333
0 0.076875 0.864444 0.031250 0.102222
0 0.191250 0.622222 0.025000 0.093333
0 0.130000 0.628889 0.025000 0.093333
0 0.331250 0.664444 0.025000 0.093333
0 0.686250 0.833333 0.025000 0.093333
0 0.611250 0.904444 0.025000 0.093333
0 0.540625 0.935556 0.026250 0.124444
0 0.563750 0.791111 0.025000 0.093333
0 0.543750 0.633333 0.025000 0.093333
0 0.868750 0.877778 0.025000 0.093333
0 0.845000 0.935556 0.025000 0.093333
0 0.797500 0.942222 0.025000 0.093333
0 0.765000 0.835556 0.025000 0.093333
0 0.940625 0.951111 0.023750 0.080000
0 0.835000 0.806667 0.025000 0.093333
0 0.802500 0.820000 0.025000 0.093333
0 0.801250 0.708889 0.025000 0.093333
0 0.783750 0.744444 0.025000 0.093333
0 0.756250 0.700000 0.025000 0.093333
1 0.613125 0.732222 0.068750 0.122222
1 0.368125 0.704444 0.071250 0.195556
1 0.245000 0.746667 0.100000 0.160000
1 0.696250 0.680000 0.090000 0.186667
1 0.597500 0.605556 0.052500 0.100000
