0 0.072500 0.824444 0.035000 0.142222
0 0.143125 0.773333 0.023750 0.120000
0 0.175000 0.804444 0.027500 0.124444
0 0.201250 0.863333 0.035000 0.135556
0 0.228750 0.777778 0.040000 0.128889
0 0.273750 0.764444 0.037500 0.128889
0 0.186250 0.686667 0.027500 0.084444
0 0.138750 0.651111 0.017500 0.093333
0 0.320625 0.705556 0.026250 0.095556
0 0.389375 0.677778 0.031250 0.093333
0 0.266875 0.631111 0.021250 0.075556
0 0.346250 0.672222 0.020000 0.100000
0 0.565000 0.731111 0.030000 0.111111
0 0.638125 0.758889 0.033750 0.122222
0 0.695625 0.695556 0.033750 0.097778
0 0.756250 0.731111 0.027500 0.097778
0 0.831250 0.788889 0.032500 0.111111
0 0.938125 0.884444 0.043750 0.137778
0 0.876250 0.907778 0.035000 0.117778
0 0.880000 0.644444 0.025000 0.084444
0 0.867500 0.695556 0.025000 0.106667
0 0.774375 0.674444 0.026250 0.086667
0 0.733125 0.662222 0.018750 0.084444
0 0.595000 0.637778 0.022500 0.097778
0 0.674375 0.630000 0.021250 0.086667
1 0.771250 0.915556 0.117500 0.168889
