0 0.117500 0.675556 0.025000 0.093333
0 0.566250 0.612222 0.025000 0.104444
0 0.630000 0.675556 0.025000 0.111111
0 0.675000 0.672222 0.027500 0.086667
0 0.721875 0.778889 0.031250 0.108889
0 0.768125 0.762222 0.028750 0.115556
0 0.878750 0.760000 0.027500 0.106667
0 0.889375 0.912222 0.033750 0.135556
0 0.715625 0.651111 0.021250 0.097778
0 0.751875 0.666667 0.026250 0.097778
0 0.823750 0.690000 0.025000 0.104444
0 0.854375 0.651111 0.036250 0.106667
0 0.773125 0.637778 0.023750 0.093333
0 0.634375 0.606667 0.016250 0.066667
0 0.696250 0.595556 0.022500 0.066667
