0 0.139375 0.832222 0.031250 0.131111
0 0.098750 0.727778 0.027500 0.104444
0 0.025625 0.737778 0.023750 0.102222
0 0.146250 0.706667 0.032500 0.102222
0 0.320000 0.681111 0.030000 0.100000
0 0.233125 0.657778 0.023750 0.093333
0 0.201250 0.613333 0.020000 0.080000
0 0.179375 0.605556 0.028750 0.082222
0 0.289375 0.605556 0.018750 0.077778
0 0.240625 0.601111 0.023750 0.073333
0 0.841875 0.872222 0.038750 0.122222
0 0.904375 0.820000 0.038750 0.111111
0 0.808750 0.704444 0.030000 0.097778
0 0.714375 0.674444 0.018750 0.091111
0 0.740625 0.638889 0.021250 0.082222
0 0.801875 0.607778 0.031250 0.060000
0 0.818125 0.658889 0.031250 0.055556
0 0.549375 0.592222 0.023750 0.086667
0 0.690625 0.598889 0.021250 0.082222
0 0.703125 0.935556 0.033750 0.128889
