0 0.928750 0.735556 0.037500 0.102222
0 0.582500 0.705556 0.025000 0.091111
0 0.181250 0.636667 0.025000 0.091111
0 0.140000 0.936667 0.025000 0.091111
0 0.250000 0.572222 0.025000 0.091111
0 0.276250 0.630000 0.025000 0.091111
0 0.217500 0.865556 0.025000 0.091111
0 0.225000 0.725556 0.025000 0.091111
0 0.183750 0.727778 0.025000 0.091111
0 0.113750 0.627778 0.025000 0.091111
0 0.116250 0.723333 0.025000 0.091111
0 0.666250 0.678889 0.025000 0.091111
0 0.610625 0.802222 0.023750 0.106667
0 0.577500 0.936667 0.025000 0.091111
0 0.918750 0.801111 0.025000 0.091111
0 0.766250 0.712222 0.025000 0.091111
0 0.700625 0.723333 0.023750 0.095556
0 0.878750 0.663333 0.027500 0.086667
0 0.730000 0.692222 0.025000 0.091111
0 0.807500 0.598889 0.017500 0.064444
0 0.637500 0.872222 0.025000 0.091111
0 0.627500 0.650000 0.025000 0.091111
0 0.605000 0.672222 0.025000 0.091111
1 0.322500 0.724444 0.102500 0.186667
1 0.818125 0.717778 0.068750 0.111111
1 0.840625 0.934444 0.143750 0.131111
