0 0.395000 0.664444 0.025000 0.088889
0 0.401250 0.598889 0.015000 0.064444
0 0.276875 0.581111 0.018750 0.077778
0 0.251875 0.573333 0.018750 0.093333
0 0.613750 0.873333 0.020000 0.133333
0 0.596250 0.732222 0.022500 0.113333
0 0.813125 0.826667 0.033750 0.124444
0 0.810625 0.698889 0.026250 0.108889
0 0.617500 0.658889 0.030000 0.108889
0 0.804375 0.614444 0.018750 0.077778
0 0.674375 0.591111 0.016250 0.075556
0 0.601250 0.586667 0.027500 0.080000
1 0.306250 0.715556 0.087500 0.168889
1 0.219375 0.684444 0.073750 0.128889
1 0.724375 0.731111 0.108750 0.248889
