0 0.387500 0.673333 0.022500 0.080000
0 0.267500 0.597778 0.022500 0.080000
0 0.217500 0.626667 0.022500 0.080000
0 0.168750 0.606667 0.022500 0.080000
0 0.120000 0.653333 0.022500 0.080000
0 0.026250 0.800000 0.022500 0.080000
0 0.058125 0.893333 0.028750 0.097778
0 0.168125 0.835556 0.023750 0.106667
0 0.091250 0.892222 0.027500 0.131111
0 0.148750 0.740000 0.022500 0.080000
0 0.198750 0.704444 0.022500 0.080000
0 0.223750 0.733333 0.022500 0.080000
0 0.803750 0.666667 0.022500 0.080000
0 0.857500 0.693333 0.022500 0.080000
0 0.912500 0.695556 0.022500 0.080000
0 0.922500 0.784444 0.022500 0.080000
0 0.900000 0.808889 0.022500 0.080000
0 0.541250 0.932222 0.025000 0.108889
0 0.535000 0.651111 0.022500 0.080000
0 0.655000 0.597778 0.022500 0.080000
0 0.770000 0.648889 0.022500 0.080000
0 0.880000 0.620000 0.022500 0.080000
0 0.873125 0.883333 0.031250 0.095556
2 0.606875 0.705556 0.063750 0.126667
1 0.323125 0.873333 0.121250 0.253333
1 0.149375 0.954444 0.123750 0.091111
1 0.301875 0.681111 0.076250 0.131111
1 0.638125 0.923333 0.101250 0.153333
1 0.774375 0.881111 0.163750 0.237778
1 0.710625 0.671111 0.086250 0.168889
