0 0.606250 0.702222 0.022500 0.093333
0 0.586875 0.640000 0.021250 0.084444
0 0.631875 0.637778 0.018750 0.075556
0 0.685000 0.665556 0.022500 0.091111
0 0.690000 0.744444 0.025000 0.097778
0 0.727500 0.815556 0.027500 0.115556
0 0.815000 0.871111 0.035000 0.128889
0 0.780000 0.806667 0.025000 0.115556
0 0.821875 0.722222 0.021250 0.106667
0 0.740625 0.732222 0.023750 0.091111
0 0.761875 0.683333 0.026250 0.095556
0 0.783125 0.644444 0.018750 0.084444
0 0.728750 0.594444 0.020000 0.073333
0 0.652500 0.603333 0.017500 0.077778
0 0.971250 0.765556 0.040000 0.113333
