0 0.299375 0.803333 0.028750 0.131111
0 0.229375 0.937778 0.038750 0.120000
0 0.105000 0.786667 0.025000 0.120000
0 0.177500 0.718889 0.030000 0.113333
0 0.325000 0.651111 0.027500 0.097778
0 0.168750 0.606667 0.022500 0.080000
0 0.850625 0.871111 0.033750 0.137778
0 0.753750 0.912222 0.040000 0.144444
0 0.756875 0.710000 0.028750 0.108889
0 0.804375 0.677778 0.026250 0.093333
0 0.775625 0.627778 0.023750 0.082222
0 0.662500 0.603333 0.012500 0.077778
0 0.694375 0.597778 0.028750 0.080000
0 0.738750 0.612222 0.025000 0.082222
1 0.609375 0.740000 0.073750 0.137778
1 0.689375 0.716667 0.078750 0.117778
1 0.563750 0.596667 0.050000 0.091111
1 0.391875 0.618889 0.073750 0.202222
1 0.260625 0.688889 0.088750 0.177778
