0 0.820000 0.743333 0.025000 0.095556
0 0.645625 0.745556 0.021250 0.077778
0 0.848750 0.614444 0.025000 0.095556
0 0.876250 0.858889 0.025000 0.095556
0 0.848750 0.798889 0.025000 0.095556
0 0.551250 0.770000 0.025000 0.095556
0 0.626250 0.674444 0.025000 0.095556
0 0.545000 0.674444 0.025000 0.095556
0 0.580000 0.701111 0.025000 0.095556
0 0.898125 0.931111 0.026250 0.102222
0 0.938750 0.888889 0.027500 0.115556
0 0.805625 0.693333 0.026250 0.102222
1 0.786250 0.834444 0.087500 0.162222
1 0.686875 0.700000 0.071250 0.124444
