0 0.104375 0.793333 0.031250 0.142222
0 0.754375 0.915556 0.031250 0.142222
0 0.353125 0.593333 0.028750 0.097778
0 0.631875 0.686667 0.021250 0.097778
0 0.809375 0.777778 0.021250 0.097778
0 0.665625 0.728889 0.021250 0.097778
0 0.595625 0.631111 0.021250 0.097778
0 0.675625 0.662222 0.021250 0.071111
0 0.796875 0.655556 0.021250 0.097778
0 0.705625 0.655556 0.021250 0.097778
0 0.849375 0.704444 0.021250 0.097778
0 0.759375 0.806667 0.021250 0.097778
0 0.864375 0.766667 0.021250 0.097778
0 0.851875 0.895556 0.031250 0.142222
