0 0.192500 0.740000 0.025000 0.115556
0 0.268750 0.764444 0.035000 0.120000
0 0.239375 0.698889 0.031250 0.100000
0 0.236250 0.628889 0.025000 0.093333
0 0.272500 0.584444 0.017500 0.075556
0 0.605000 0.802222 0.025000 0.111111
0 0.691250 0.795556 0.027500 0.102222
0 0.709375 0.734444 0.028750 0.095556
0 0.673125 0.684444 0.021250 0.084444
0 0.732500 0.631111 0.025000 0.088889
0 0.586250 0.601111 0.022500 0.073333
0 0.765000 0.617778 0.015000 0.080000
0 0.696875 0.618889 0.023750 0.077778
0 0.072500 0.922222 0.045000 0.133333
0 0.916250 0.708889 0.025000 0.088889
1 0.565000 0.737778 0.072500 0.128889
1 0.638125 0.607778 0.058750 0.100000
