0 0.374375 0.715556 0.023750 0.102222
0 0.375625 0.637778 0.021250 0.075556
0 0.218750 0.608889 0.015000 0.088889
0 0.239375 0.621111 0.018750 0.091111
0 0.600000 0.764444 0.025000 0.111111
0 0.649375 0.853333 0.026250 0.133333
0 0.778125 0.854444 0.028750 0.131111
0 0.810000 0.831111 0.027500 0.111111
0 0.960625 0.898889 0.041250 0.140000
0 0.785625 0.733333 0.028750 0.111111
0 0.871875 0.692222 0.031250 0.100000
0 0.595000 0.671111 0.020000 0.084444
0 0.775625 0.644444 0.021250 0.088889
0 0.595625 0.618889 0.023750 0.068889
1 0.278125 0.803333 0.108750 0.220000
1 0.183750 0.756667 0.092500 0.157778
1 0.699375 0.668889 0.098750 0.217778
