0 0.078125 0.770000 0.031250 0.108889
0 0.268125 0.690000 0.031250 0.108889
0 0.208125 0.714444 0.031250 0.108889
0 0.126875 0.785556 0.031250 0.108889
0 0.021875 0.781111 0.031250 0.108889
0 0.308125 0.641111 0.031250 0.108889
0 0.405625 0.625556 0.031250 0.108889
0 0.350625 0.681111 0.031250 0.108889
0 0.304375 0.732222 0.031250 0.108889
0 0.243750 0.592222 0.032500 0.100000
0 0.125625 0.672222 0.031250 0.108889
0 0.192500 0.641111 0.035000 0.086667
0 0.213125 0.908889 0.041250 0.151111
0 0.824375 0.843333 0.031250 0.108889
0 0.661875 0.834444 0.031250 0.108889
0 0.584375 0.761111 0.031250 0.108889
0 0.548125 0.798889 0.031250 0.108889
0 0.539375 0.634444 0.031250 0.108889
0 0.884375 0.827778 0.031250 0.108889
0 0.860625 0.841111 0.031250 0.108889
0 0.974375 0.858889 0.031250 0.108889
0 0.826875 0.756667 0.028750 0.082222
0 0.928125 0.810000 0.031250 0.108889
0 0.554375 0.945556 0.031250 0.108889
0 0.623750 0.671111 0.027500 0.088889
0 0.845625 0.632222 0.018750 0.068889
0 0.879375 0.945556 0.031250 0.108889
0 0.905625 0.730000 0.023750 0.091111
0 0.866875 0.738889 0.018750 0.068889
2 0.413750 0.805556 0.025000 0.131111
