0 0.279375 0.634444 0.018750 0.095556
0 0.056250 0.735556 0.025000 0.093333
0 0.086250 0.680000 0.025000 0.097778
0 0.644375 0.687778 0.021250 0.091111
0 0.693125 0.757778 0.023750 0.097778
0 0.596875 0.622222 0.021250 0.102222
0 0.643125 0.613333 0.023750 0.080000
0 0.671250 0.835556 0.030000 0.120000
0 0.699375 0.928889 0.033750 0.128889
0 0.740000 0.866667 0.040000 0.142222
0 0.807500 0.868889 0.027500 0.120000
0 0.780000 0.775556 0.025000 0.097778
0 0.839375 0.795556 0.026250 0.097778
0 0.866875 0.896667 0.028750 0.117778
0 0.948125 0.908889 0.036250 0.133333
0 0.795000 0.685556 0.027500 0.091111
0 0.943125 0.730000 0.033750 0.108889
1 0.603750 0.806667 0.077500 0.182222
1 0.700000 0.657778 0.077500 0.084444
