0 0.837500 0.684444 0.022500 0.093333
0 0.137500 0.742222 0.022500 0.093333
0 0.181250 0.762222 0.022500 0.093333
0 0.116250 0.826667 0.022500 0.093333
0 0.056250 0.815556 0.022500 0.124444
0 0.271250 0.617778 0.025000 0.088889
0 0.311250 0.677778 0.022500 0.093333
0 0.220000 0.637778 0.022500 0.093333
0 0.173750 0.621111 0.015000 0.086667
0 0.141250 0.624444 0.022500 0.093333
0 0.098750 0.686667 0.022500 0.093333
0 0.968750 0.900000 0.022500 0.093333
0 0.923750 0.833333 0.022500 0.093333
0 0.780000 0.726667 0.022500 0.093333
0 0.671250 0.688889 0.022500 0.093333
0 0.736250 0.726667 0.022500 0.093333
0 0.692500 0.824444 0.022500 0.093333
0 0.536250 0.691111 0.022500 0.093333
0 0.861250 0.686667 0.022500 0.093333
0 0.840000 0.762222 0.022500 0.093333
0 0.892500 0.857778 0.022500 0.093333
0 0.901250 0.680000 0.022500 0.093333
0 0.983750 0.817778 0.022500 0.093333
0 0.817500 0.704444 0.022500 0.093333
0 0.761250 0.671111 0.022500 0.080000
1 0.631875 0.891111 0.101250 0.182222
1 0.811250 0.890000 0.167500 0.202222
1 0.385625 0.656667 0.071250 0.135556
1 0.251875 0.755556 0.093750 0.173333
1 0.296250 0.910000 0.127500 0.180000
1 0.608750 0.670000 0.057500 0.108889
