0 0.316250 0.614444 0.022500 0.077778
0 0.116250 0.686667 0.027500 0.097778
0 0.201250 0.686667 0.027500 0.097778
0 0.118750 0.753333 0.027500 0.097778
0 0.178750 0.746667 0.027500 0.097778
0 0.085000 0.837778 0.027500 0.097778
0 0.020000 0.835556 0.027500 0.097778
0 0.221250 0.587778 0.022500 0.077778
0 0.251250 0.570000 0.022500 0.077778
0 0.364375 0.602222 0.018750 0.071111
0 0.341250 0.581111 0.017500 0.077778
0 0.659375 0.861111 0.028750 0.108889
0 0.631250 0.766667 0.027500 0.097778
0 0.542500 0.713333 0.027500 0.097778
0 0.585000 0.746667 0.027500 0.097778
0 0.742500 0.786667 0.027500 0.097778
0 0.796250 0.840000 0.027500 0.097778
0 0.757500 0.897778 0.027500 0.097778
0 0.696250 0.831111 0.027500 0.097778
0 0.692500 0.700000 0.027500 0.093333
0 0.775625 0.765556 0.028750 0.108889
0 0.869375 0.778889 0.028750 0.108889
0 0.834375 0.830000 0.028750 0.108889
0 0.901875 0.896667 0.028750 0.108889
0 0.713125 0.656667 0.023750 0.095556
0 0.641875 0.688889 0.026250 0.088889
0 0.954375 0.865556 0.028750 0.108889
0 0.584375 0.654444 0.028750 0.086667
2 0.911250 0.686667 0.032500 0.106667
1 0.386250 0.658889 0.060000 0.117778
1 0.306875 0.898889 0.126250 0.202222
1 0.261875 0.704444 0.101250 0.186667
1 0.595000 0.587778 0.045000 0.060000
1 0.803750 0.561111 0.150000 0.166667
