0 0.074375 0.848889 0.043750 0.133333
0 0.194375 0.837778 0.041250 0.142222
0 0.113125 0.748889 0.028750 0.124444
0 0.189375 0.696667 0.031250 0.113333
0 0.350000 0.655556 0.030000 0.111111
0 0.270000 0.668889 0.027500 0.106667
0 0.083750 0.695556 0.037500 0.120000
0 0.136875 0.618889 0.026250 0.095556
0 0.228125 0.601111 0.023750 0.082222
0 0.253750 0.634444 0.022500 0.095556
0 0.558750 0.645556 0.032500 0.108889
0 0.839375 0.897778 0.043750 0.137778
0 0.885625 0.844444 0.036250 0.133333
0 0.912500 0.812222 0.037500 0.122222
0 0.805000 0.752222 0.032500 0.122222
0 0.856250 0.686667 0.035000 0.093333
0 0.726250 0.692222 0.020000 0.100000
0 0.745000 0.640000 0.020000 0.080000
0 0.785000 0.616667 0.017500 0.082222
0 0.665000 0.610000 0.022500 0.086667
0 0.692500 0.603333 0.017500 0.077778
