0 0.542500 0.728889 0.025000 0.106667
0 0.651875 0.768889 0.026250 0.106667
0 0.718750 0.920000 0.040000 0.128889
0 0.690000 0.738889 0.022500 0.104444
0 0.917500 0.863333 0.037500 0.131111
0 0.863750 0.725556 0.022500 0.100000
0 0.820000 0.728889 0.027500 0.106667
0 0.757500 0.858889 0.032500 0.100000
0 0.860000 0.915556 0.040000 0.124444
0 0.770000 0.667778 0.020000 0.091111
0 0.800000 0.657778 0.025000 0.097778
0 0.836875 0.615556 0.036250 0.097778
0 0.645000 0.682222 0.027500 0.080000
0 0.598125 0.663333 0.018750 0.104444
0 0.664375 0.635556 0.021250 0.080000
0 0.731250 0.642222 0.022500 0.075556
0 0.709375 0.664444 0.021250 0.088889
0 0.122500 0.690000 0.045000 0.104444
1 0.621875 0.911111 0.121250 0.177778
