0 0.050625 0.682222 0.028750 0.102222
0 0.235000 0.782222 0.027500 0.142222
0 0.364375 0.702222 0.026250 0.106667
0 0.319375 0.694444 0.033750 0.122222
0 0.177500 0.663333 0.022500 0.095556
0 0.115000 0.646667 0.020000 0.097778
0 0.326250 0.631111 0.022500 0.066667
0 0.173750 0.604444 0.025000 0.075556
0 0.659375 0.843333 0.023750 0.135556
0 0.697500 0.790000 0.027500 0.126667
0 0.643125 0.705556 0.033750 0.117778
0 0.633750 0.650000 0.025000 0.100000
0 0.607500 0.624444 0.022500 0.088889
0 0.788125 0.818889 0.028750 0.108889
0 0.836875 0.814444 0.036250 0.122222
0 0.890000 0.843333 0.020000 0.126667
0 0.928750 0.835556 0.037500 0.124444
0 0.910625 0.711111 0.033750 0.111111
0 0.804375 0.704444 0.031250 0.102222
0 0.831875 0.687778 0.026250 0.091111
0 0.761250 0.673333 0.022500 0.093333
0 0.680000 0.587778 0.017500 0.068889
0 0.705000 0.585556 0.017500 0.077778
0 0.792500 0.612222 0.025000 0.073333
1 0.556875 0.602222 0.053750 0.093333
1 0.696875 0.683333 0.073750 0.108889
1 0.296875 0.896667 0.118750 0.206667
