0 0.251250 0.631111 0.022500 0.088889
0 0.115000 0.671111 0.022500 0.088889
0 0.183750 0.608889 0.022500 0.088889
0 0.197500 0.657778 0.022500 0.088889
0 0.388750 0.595556 0.022500 0.088889
0 0.218125 0.796667 0.026250 0.108889
0 0.091250 0.653333 0.022500 0.088889
0 0.170000 0.717778 0.022500 0.088889
0 0.153750 0.671111 0.022500 0.088889
0 0.188750 0.908889 0.025000 0.106667
0 0.253750 0.851111 0.022500 0.106667
0 0.296250 0.815556 0.022500 0.088889
0 0.128125 0.783333 0.026250 0.126667
0 0.060000 0.867778 0.027500 0.122222
0 0.887500 0.717778 0.022500 0.088889
0 0.707500 0.684444 0.022500 0.088889
0 0.666250 0.688889 0.022500 0.088889
0 0.537500 0.662222 0.022500 0.088889
0 0.566250 0.660000 0.022500 0.088889
0 0.905000 0.793333 0.022500 0.088889
0 0.881250 0.848889 0.022500 0.088889
0 0.595625 0.801111 0.026250 0.113333
0 0.818750 0.708889 0.022500 0.088889
0 0.915000 0.700000 0.022500 0.088889
0 0.822500 0.771111 0.022500 0.088889
0 0.848750 0.637778 0.022500 0.088889
0 0.022500 0.830000 0.027500 0.122222
2 0.968125 0.688889 0.016250 0.106667
