0 0.808750 0.572222 0.022500 0.064444
0 0.755000 0.650000 0.012500 0.082222
0 0.744375 0.772222 0.023750 0.095556
0 0.905000 0.810000 0.027500 0.108889
0 0.902500 0.914444 0.037500 0.140000
0 0.586875 0.887778 0.033750 0.135556
0 0.658750 0.934444 0.035000 0.131111
0 0.578125 0.748889 0.028750 0.106667
0 0.589375 0.682222 0.026250 0.084444
0 0.557500 0.643333 0.020000 0.091111
0 0.605625 0.612222 0.016250 0.073333
0 0.831875 0.715556 0.023750 0.097778
0 0.775625 0.633333 0.018750 0.075556
0 0.575000 0.606667 0.015000 0.071111
0 0.726875 0.586667 0.013750 0.071111
1 0.654375 0.623333 0.071250 0.108889
