0 0.048125 0.793333 0.023750 0.093333
0 0.116875 0.711111 0.023750 0.093333
0 0.249375 0.717778 0.023750 0.093333
0 0.165625 0.753333 0.023750 0.093333
0 0.220625 0.697778 0.023750 0.093333
0 0.189375 0.786667 0.023750 0.093333
0 0.255625 0.786667 0.023750 0.093333
0 0.188125 0.673333 0.023750 0.093333
0 0.284375 0.646667 0.023750 0.093333
0 0.086875 0.895556 0.028750 0.115556
0 0.174375 0.591111 0.023750 0.093333
0 0.234375 0.615556 0.026250 0.075556
0 0.275625 0.533333 0.023750 0.093333
0 0.745625 0.673333 0.023750 0.093333
0 0.650625 0.644444 0.023750 0.093333
0 0.540625 0.706667 0.023750 0.093333
0 0.970625 0.800000 0.023750 0.093333
0 0.800625 0.788889 0.023750 0.093333
0 0.838125 0.853333 0.023750 0.093333
0 0.760625 0.797778 0.023750 0.093333
0 0.898125 0.860000 0.023750 0.093333
0 0.958125 0.893333 0.023750 0.093333
0 0.871875 0.771111 0.023750 0.093333
0 0.654375 0.928889 0.023750 0.093333
0 0.816875 0.697778 0.023750 0.093333
0 0.899375 0.737778 0.023750 0.093333
0 0.859375 0.628889 0.023750 0.093333
0 0.848125 0.695556 0.023750 0.093333
0 0.770625 0.671111 0.023750 0.093333
1 0.371875 0.674444 0.068750 0.117778
1 0.601250 0.604444 0.055000 0.097778
1 0.690625 0.720000 0.081250 0.115556
2 0.713750 0.636667 0.017500 0.077778
