0 0.243125 0.586667 0.021250 0.062222
0 0.173750 0.605556 0.022500 0.086667
0 0.022500 0.761111 0.022500 0.086667
0 0.113750 0.698889 0.022500 0.086667
0 0.130000 0.723333 0.022500 0.086667
0 0.136250 0.770000 0.022500 0.086667
0 0.261250 0.661111 0.022500 0.086667
0 0.240000 0.647778 0.022500 0.086667
0 0.195000 0.661111 0.022500 0.086667
0 0.165000 0.770000 0.022500 0.086667
0 0.222500 0.750000 0.022500 0.086667
0 0.417500 0.614444 0.022500 0.086667
0 0.877500 0.752222 0.022500 0.086667
0 0.812500 0.621111 0.022500 0.086667
0 0.926250 0.843333 0.022500 0.086667
0 0.953750 0.832222 0.022500 0.086667
0 0.908750 0.955556 0.022500 0.088889
0 0.835000 0.696667 0.022500 0.086667
0 0.661250 0.616667 0.022500 0.086667
0 0.787500 0.681111 0.022500 0.086667
0 0.540000 0.685556 0.022500 0.086667
0 0.885000 0.691111 0.022500 0.080000
0 0.868750 0.607778 0.022500 0.086667
1 0.608125 0.727778 0.076250 0.144444
1 0.638750 0.942222 0.105000 0.115556
1 0.355000 0.764444 0.095000 0.200000
1 0.192500 0.894444 0.135000 0.193333
1 0.322500 0.633333 0.067500 0.097778
2 0.603750 0.620000 0.020000 0.057778
