0 0.071250 0.721111 0.030000 0.108889
0 0.169375 0.680000 0.031250 0.102222
0 0.200000 0.622222 0.027500 0.084444
0 0.165625 0.580000 0.028750 0.080000
0 0.267500 0.595556 0.020000 0.093333
0 0.406250 0.575556 0.022500 0.088889
0 0.250000 0.565556 0.015000 0.077778
0 0.211875 0.571111 0.023750 0.080000
0 0.586875 0.865556 0.028750 0.126667
0 0.663750 0.780000 0.027500 0.102222
0 0.738750 0.864444 0.037500 0.124444
0 0.848125 0.857778 0.036250 0.120000
0 0.796875 0.866667 0.038750 0.128889
0 0.736250 0.768889 0.025000 0.102222
0 0.764375 0.736667 0.031250 0.100000
0 0.827500 0.743333 0.042500 0.104444
0 0.875000 0.658889 0.030000 0.095556
0 0.848125 0.687778 0.033750 0.091111
0 0.740000 0.661111 0.025000 0.091111
0 0.972500 0.752222 0.040000 0.113333
0 0.919375 0.696667 0.028750 0.108889
1 0.598125 0.656667 0.056250 0.104444
1 0.681875 0.652222 0.068750 0.095556
