0 0.032500 0.845556 0.027500 0.135556
0 0.057500 0.872222 0.030000 0.077778
0 0.122500 0.841111 0.035000 0.113333
0 0.082500 0.796667 0.032500 0.104444
0 0.034375 0.768889 0.041250 0.097778
0 0.099375 0.710000 0.021250 0.091111
0 0.148125 0.746667 0.023750 0.102222
0 0.376250 0.666667 0.032500 0.084444
0 0.205625 0.702222 0.026250 0.084444
0 0.171875 0.644444 0.016250 0.080000
0 0.227500 0.657778 0.030000 0.080000
0 0.197500 0.608889 0.020000 0.066667
0 0.565000 0.813333 0.030000 0.128889
0 0.696875 0.864444 0.028750 0.115556
0 0.841250 0.834444 0.035000 0.117778
0 0.881875 0.808889 0.033750 0.111111
0 0.808750 0.730000 0.032500 0.108889
0 0.555625 0.690000 0.023750 0.082222
0 0.547500 0.625556 0.027500 0.073333
0 0.675000 0.631111 0.025000 0.084444
0 0.720000 0.662222 0.035000 0.066667
0 0.788750 0.670000 0.025000 0.077778
0 0.916250 0.875556 0.030000 0.120000
0 0.870000 0.716667 0.035000 0.082222
1 0.751250 0.771111 0.100000 0.142222
1 0.620000 0.658889 0.075000 0.180000
1 0.408750 0.574444 0.050000 0.091111
1 0.335000 0.824444 0.117500 0.213333
1 0.232500 0.778889 0.112500 0.157778
1 0.324375 0.611111 0.053750 0.128889
