0 0.749375 0.732222 0.023750 0.082222
0 0.775625 0.663333 0.016250 0.077778
0 0.730000 0.895556 0.030000 0.124444
0 0.779375 0.770000 0.023750 0.082222
0 0.709375 0.794444 0.023750 0.082222
0 0.575625 0.663333 0.023750 0.082222
0 0.608125 0.647778 0.023750 0.082222
0 0.723125 0.752222 0.021250 0.077778
0 0.813125 0.730000 0.021250 0.095556
0 0.700625 0.707778 0.023750 0.082222
0 0.744375 0.641111 0.023750 0.082222
0 0.695625 0.645556 0.023750 0.082222
0 0.826875 0.665556 0.023750 0.082222
0 0.797500 0.930000 0.030000 0.126667
0 0.785625 0.825556 0.023750 0.082222
0 0.321875 0.575556 0.023750 0.093333
0 0.288125 0.594444 0.023750 0.082222
0 0.237500 0.717778 0.030000 0.124444
0 0.131250 0.846667 0.030000 0.124444
0 0.218750 0.808889 0.030000 0.124444
0 0.211250 0.657778 0.030000 0.124444
0 0.171250 0.595556 0.022500 0.102222
0 0.100000 0.720000 0.030000 0.124444
0 0.145625 0.750000 0.028750 0.104444
0 0.214375 0.570000 0.028750 0.104444
1 0.358125 0.700000 0.083750 0.155556
1 0.391250 0.571111 0.050000 0.093333
1 0.636250 0.568889 0.057500 0.120000
