0 0.540625 0.714444 0.028750 0.095556
0 0.070625 0.676667 0.028750 0.095556
0 0.133125 0.685556 0.028750 0.095556
0 0.094375 0.756667 0.028750 0.095556
0 0.195625 0.772222 0.028750 0.095556
0 0.213125 0.694444 0.028750 0.095556
0 0.256875 0.638889 0.028750 0.095556
0 0.281875 0.652222 0.028750 0.095556
0 0.335625 0.643333 0.028750 0.095556
0 0.369375 0.698889 0.028750 0.095556
0 0.620625 0.876667 0.031250 0.135556
0 0.588125 0.774444 0.028750 0.095556
0 0.086875 0.868889 0.036250 0.142222
0 0.156875 0.623333 0.028750 0.095556
0 0.185625 0.638889 0.028750 0.095556
0 0.861875 0.796667 0.028750 0.095556
0 0.915625 0.827778 0.028750 0.095556
0 0.878125 0.876667 0.028750 0.095556
0 0.804375 0.843333 0.028750 0.095556
0 0.613125 0.736667 0.028750 0.095556
0 0.595625 0.678889 0.028750 0.095556
0 0.686875 0.641111 0.028750 0.095556
0 0.635625 0.710000 0.028750 0.095556
0 0.830625 0.663333 0.028750 0.095556
0 0.855625 0.723333 0.028750 0.095556
0 0.786875 0.721111 0.028750 0.095556
0 0.931875 0.754444 0.028750 0.095556
0 0.636875 0.805556 0.028750 0.095556
0 0.801875 0.676667 0.028750 0.095556
1 0.726875 0.785556 0.093750 0.148889
2 0.402500 0.845556 0.027500 0.135556
