0 0.294375 0.654444 0.026250 0.082222
0 0.223125 0.653333 0.026250 0.088889
0 0.155000 0.737778 0.027500 0.111111
0 0.109375 0.841111 0.038750 0.108889
0 0.026250 0.861111 0.032500 0.126667
0 0.054375 0.722222 0.033750 0.097778
0 0.121875 0.645556 0.028750 0.077778
0 0.180625 0.675556 0.041250 0.093333
0 0.264375 0.597778 0.018750 0.075556
0 0.560000 0.765556 0.035000 0.108889
0 0.594375 0.733333 0.036250 0.115556
0 0.681250 0.823333 0.042500 0.148889
0 0.643750 0.684444 0.027500 0.093333
0 0.549375 0.676667 0.026250 0.082222
0 0.866250 0.885556 0.050000 0.131111
0 0.747500 0.765556 0.030000 0.113333
0 0.802500 0.764444 0.027500 0.111111
0 0.772500 0.700000 0.027500 0.088889
0 0.863125 0.723333 0.028750 0.108889
0 0.669375 0.653333 0.028750 0.080000
1 0.383125 0.716667 0.073750 0.131111
1 0.285000 0.810000 0.097500 0.224444
1 0.612500 0.574444 0.057500 0.135556
1 0.695000 0.592222 0.057500 0.068889
