0 0.333750 0.751111 0.027500 0.111111
0 0.260625 0.622222 0.026250 0.097778
0 0.310000 0.607778 0.027500 0.086667
0 0.175000 0.684444 0.027500 0.111111
0 0.238750 0.688889 0.027500 0.111111
0 0.203750 0.693333 0.027500 0.111111
0 0.055000 0.733333 0.027500 0.111111
0 0.117500 0.737778 0.027500 0.111111
0 0.175000 0.846667 0.027500 0.111111
0 0.251250 0.822222 0.027500 0.111111
0 0.737500 0.882222 0.027500 0.111111
0 0.708750 0.924444 0.027500 0.111111
0 0.558750 0.906667 0.027500 0.111111
0 0.120000 0.627778 0.025000 0.073333
0 0.735000 0.658889 0.030000 0.091111
0 0.901250 0.684444 0.027500 0.111111
0 0.862500 0.737778 0.027500 0.111111
0 0.827500 0.762222 0.027500 0.111111
0 0.912500 0.873333 0.027500 0.111111
0 0.813750 0.680000 0.025000 0.080000
0 0.535000 0.687778 0.030000 0.091111
0 0.780000 0.656667 0.030000 0.091111
0 0.825625 0.614444 0.021250 0.068889
0 0.693750 0.610000 0.030000 0.091111
1 0.603125 0.798889 0.083750 0.162222
1 0.693750 0.746667 0.092500 0.137778
2 0.871250 0.610000 0.015000 0.082222
