0 0.210000 0.846667 0.035000 0.128889
0 0.082500 0.667778 0.030000 0.095556
0 0.258125 0.760000 0.031250 0.111111
0 0.162500 0.696667 0.020000 0.108889
0 0.141875 0.662222 0.026250 0.106667
0 0.203750 0.637778 0.020000 0.071111
0 0.196250 0.588889 0.017500 0.066667
0 0.238125 0.661111 0.021250 0.073333
0 0.737500 0.910000 0.025000 0.131111
0 0.817500 0.897778 0.035000 0.142222
0 0.838750 0.804444 0.032500 0.106667
0 0.725625 0.802222 0.028750 0.097778
0 0.699375 0.736667 0.028750 0.100000
0 0.749375 0.742222 0.026250 0.115556
0 0.918750 0.698889 0.027500 0.117778
0 0.811875 0.695556 0.021250 0.106667
0 0.871250 0.715556 0.037500 0.093333
0 0.603125 0.628889 0.028750 0.080000
0 0.693125 0.640000 0.026250 0.080000
0 0.253125 0.597778 0.016250 0.066667
1 0.634375 0.803333 0.098750 0.268889
1 0.732500 0.578889 0.055000 0.082222
1 0.331875 0.800000 0.118750 0.297778
1 0.403125 0.568889 0.048750 0.102222
1 0.307500 0.620000 0.070000 0.075556
