0 0.074375 0.813333 0.028750 0.128889
0 0.135000 0.648889 0.027500 0.111111
0 0.551875 0.634444 0.028750 0.086667
0 0.640000 0.742222 0.025000 0.111111
0 0.696250 0.754444 0.022500 0.140000
0 0.780000 0.721111 0.037500 0.113333
0 0.731250 0.696667 0.030000 0.104444
0 0.607500 0.628889 0.022500 0.102222
0 0.641875 0.657778 0.021250 0.088889
0 0.860625 0.744444 0.026250 0.097778
0 0.916875 0.843333 0.036250 0.131111
0 0.809375 0.862222 0.031250 0.128889
0 0.901250 0.700000 0.032500 0.084444
0 0.798125 0.681111 0.028750 0.100000
0 0.706250 0.632222 0.022500 0.086667
0 0.738125 0.623333 0.021250 0.082222
