0 0.131875 0.913333 0.043750 0.142222
0 0.198750 0.706667 0.035000 0.111111
0 0.266250 0.788889 0.027500 0.142222
0 0.263125 0.615556 0.021250 0.097778
0 0.347500 0.614444 0.022500 0.086667
0 0.297500 0.606667 0.027500 0.088889
0 0.573125 0.847778 0.028750 0.122222
0 0.696875 0.800000 0.033750 0.115556
0 0.768125 0.820000 0.036250 0.115556
0 0.723125 0.680000 0.026250 0.097778
0 0.611250 0.675556 0.025000 0.111111
0 0.766875 0.711111 0.023750 0.093333
0 0.811875 0.727778 0.018750 0.095556
0 0.763125 0.624444 0.016250 0.080000
0 0.791250 0.672222 0.022500 0.091111
0 0.897500 0.710000 0.032500 0.091111
1 0.568750 0.740000 0.075000 0.128889
1 0.653125 0.647778 0.063750 0.117778
