0 0.058750 0.817778 0.045000 0.124444
0 0.186250 0.772222 0.050000 0.135556
0 0.290000 0.642222 0.037500 0.093333
0 0.398125 0.662222 0.023750 0.093333
0 0.614375 0.748889 0.016250 0.102222
0 0.648125 0.804444 0.031250 0.120000
0 0.788125 0.771111 0.031250 0.120000
0 0.567500 0.692222 0.025000 0.104444
0 0.648750 0.688889 0.025000 0.084444
0 0.714375 0.672222 0.028750 0.086667
0 0.871875 0.798889 0.033750 0.108889
0 0.833750 0.683333 0.027500 0.073333
0 0.841875 0.833333 0.036250 0.084444
0 0.574375 0.917778 0.043750 0.133333
2 0.508750 0.603333 0.017500 0.091111
1 0.754375 0.905556 0.108750 0.175556
