0 0.625000 0.632222 0.025000 0.091111
0 0.580000 0.683333 0.025000 0.091111
0 0.060000 0.796667 0.025000 0.091111
0 0.148750 0.783333 0.025000 0.091111
0 0.192500 0.770000 0.025000 0.091111
0 0.240000 0.605556 0.025000 0.091111
0 0.270000 0.663333 0.025000 0.091111
0 0.165000 0.658889 0.025000 0.091111
0 0.665000 0.654444 0.025000 0.091111
0 0.617500 0.936667 0.025000 0.091111
0 0.632500 0.845556 0.025000 0.091111
0 0.573750 0.885556 0.025000 0.091111
0 0.616250 0.758889 0.025000 0.091111
0 0.718750 0.667778 0.025000 0.091111
0 0.862500 0.658889 0.025000 0.091111
0 0.913750 0.718889 0.025000 0.091111
0 0.897500 0.763333 0.025000 0.091111
0 0.757500 0.696667 0.025000 0.091111
0 0.601250 0.656667 0.025000 0.091111
0 0.097500 0.665556 0.025000 0.091111
0 0.698750 0.694444 0.025000 0.091111
1 0.821875 0.913333 0.143750 0.168889
1 0.303750 0.765556 0.110000 0.197778
1 0.805625 0.694444 0.068750 0.113333
