0 0.058750 0.736667 0.030000 0.104444
0 0.540000 0.875556 0.035000 0.124444
0 0.691875 0.808889 0.023750 0.106667
0 0.817500 0.812222 0.030000 0.104444
0 0.770625 0.848889 0.041250 0.120000
0 0.752500 0.923333 0.032500 0.126667
0 0.730000 0.735556 0.025000 0.102222
0 0.851250 0.755556 0.022500 0.093333
0 0.831250 0.667778 0.022500 0.091111
0 0.786875 0.666667 0.026250 0.088889
0 0.624375 0.684444 0.023750 0.080000
0 0.543125 0.656667 0.026250 0.095556
0 0.676250 0.666667 0.022500 0.080000
0 0.746875 0.624444 0.023750 0.088889
0 0.599375 0.610000 0.021250 0.086667
0 0.651875 0.597778 0.021250 0.075556
0 0.714375 0.594444 0.018750 0.082222
0 0.804375 0.587778 0.023750 0.064444
0 0.771875 0.608889 0.021250 0.084444
1 0.609375 0.808889 0.096250 0.200000
