0 0.086250 0.840000 0.037500 0.133333
0 0.176250 0.854444 0.040000 0.135556
0 0.091875 0.725556 0.026250 0.100000
0 0.153750 0.642222 0.022500 0.106667
0 0.183750 0.671111 0.025000 0.106667
0 0.210000 0.604444 0.025000 0.093333
0 0.243125 0.633333 0.023750 0.102222
0 0.248125 0.566667 0.018750 0.066667
0 0.280000 0.567778 0.025000 0.073333
0 0.585000 0.682222 0.022500 0.111111
0 0.551250 0.648889 0.020000 0.097778
0 0.640000 0.731111 0.030000 0.111111
0 0.716250 0.921111 0.037500 0.144444
0 0.765000 0.827778 0.030000 0.117778
0 0.851875 0.922222 0.043750 0.128889
0 0.719375 0.814444 0.038750 0.108889
0 0.816250 0.768889 0.040000 0.120000
0 0.760625 0.708889 0.026250 0.093333
0 0.671875 0.700000 0.023750 0.093333
0 0.696250 0.667778 0.020000 0.077778
0 0.913750 0.714444 0.030000 0.104444
0 0.894375 0.670000 0.021250 0.068889
1 0.329375 0.678889 0.066250 0.126667
