0 0.039375 0.741111 0.021250 0.086667
0 0.222500 0.730000 0.025000 0.108889
0 0.341250 0.602222 0.020000 0.084444
0 0.272500 0.557778 0.020000 0.084444
0 0.206250 0.642222 0.020000 0.084444
0 0.112500 0.731111 0.020000 0.084444
0 0.566875 0.923333 0.026250 0.108889
0 0.605000 0.860000 0.020000 0.084444
0 0.570000 0.782222 0.020000 0.084444
0 0.861250 0.721111 0.025000 0.108889
0 0.900000 0.930000 0.025000 0.108889
0 0.573125 0.645556 0.023750 0.091111
0 0.680000 0.661111 0.025000 0.108889
0 0.828750 0.618889 0.025000 0.108889
0 0.880000 0.665556 0.025000 0.108889
0 0.620000 0.687778 0.025000 0.108889
0 0.741250 0.667778 0.025000 0.108889
0 0.659375 0.621111 0.021250 0.086667
0 0.702500 0.638889 0.025000 0.108889
0 0.618750 0.778889 0.027500 0.082222
0 0.616250 0.774444 0.027500 0.082222
1 0.263750 0.838889 0.135000 0.246667
1 0.781875 0.830000 0.116250 0.171111
1 0.386250 0.607778 0.062500 0.175556
