0 0.351250 0.631111 0.030000 0.106667
0 0.116250 0.728889 0.030000 0.106667
0 0.197500 0.780000 0.030000 0.106667
0 0.281250 0.757778 0.030000 0.106667
0 0.227500 0.644444 0.030000 0.106667
0 0.026250 0.775556 0.030000 0.106667
0 0.572500 0.700000 0.030000 0.106667
0 0.938750 0.755556 0.030000 0.106667
0 0.872500 0.784444 0.030000 0.106667
0 0.726250 0.688889 0.030000 0.106667
0 0.776250 0.753333 0.030000 0.106667
0 0.642500 0.768889 0.030000 0.106667
0 0.555000 0.611111 0.020000 0.080000
0 0.801250 0.715556 0.030000 0.106667
0 0.965000 0.891111 0.030000 0.106667
0 0.845000 0.644444 0.027500 0.084444
1 0.639375 0.610000 0.058750 0.091111
1 0.739375 0.604444 0.076250 0.084444
2 0.171875 0.625556 0.018750 0.082222
2 0.145000 0.622222 0.020000 0.093333
