0 0.563125 0.752222 0.023750 0.113333
0 0.660625 0.862222 0.036250 0.137778
0 0.558750 0.634444 0.022500 0.095556
0 0.635000 0.707778 0.025000 0.108889
0 0.761875 0.831111 0.038750 0.111111
0 0.795625 0.732222 0.031250 0.095556
0 0.690000 0.692222 0.025000 0.100000
0 0.736250 0.725556 0.015000 0.108889
0 0.753750 0.671111 0.025000 0.093333
0 0.720625 0.686667 0.023750 0.088889
0 0.848750 0.683333 0.022500 0.091111
0 0.786875 0.654444 0.026250 0.068889
2 0.600625 0.628889 0.021250 0.093333
1 0.080000 0.770000 0.152500 0.202222
1 0.643750 0.596667 0.055000 0.108889
