0 0.044375 0.772222 0.038750 0.122222
0 0.150625 0.790000 0.031250 0.113333
0 0.058125 0.906667 0.043750 0.151111
0 0.211875 0.757778 0.028750 0.124444
0 0.265000 0.734444 0.020000 0.113333
0 0.151875 0.683333 0.036250 0.104444
0 0.211250 0.655556 0.025000 0.093333
0 0.242500 0.682222 0.025000 0.106667
0 0.281875 0.651111 0.023750 0.097778
0 0.323125 0.665556 0.023750 0.100000
0 0.366875 0.664444 0.026250 0.093333
0 0.244375 0.596667 0.021250 0.082222
0 0.197500 0.594444 0.022500 0.086667
0 0.581875 0.854444 0.033750 0.153333
0 0.579375 0.666667 0.026250 0.093333
0 0.635000 0.705556 0.035000 0.135556
0 0.726250 0.774444 0.035000 0.140000
0 0.692500 0.672222 0.025000 0.095556
0 0.663750 0.911111 0.040000 0.124444
0 0.798125 0.833333 0.033750 0.111111
0 0.822500 0.745556 0.037500 0.104444
0 0.760000 0.733333 0.022500 0.093333
0 0.776250 0.686667 0.030000 0.084444
0 0.814375 0.657778 0.028750 0.080000
0 0.844375 0.644444 0.026250 0.088889
0 0.888125 0.727778 0.033750 0.104444
