0 0.205000 0.663333 0.025000 0.095556
0 0.252500 0.645556 0.025000 0.095556
0 0.246250 0.743333 0.025000 0.095556
0 0.143750 0.685556 0.025000 0.095556
0 0.073750 0.712222 0.025000 0.095556
0 0.211875 0.578889 0.023750 0.077778
0 0.302500 0.601111 0.025000 0.095556
0 0.530000 0.763333 0.025000 0.095556
0 0.265625 0.578889 0.021250 0.077778
0 0.622500 0.661111 0.025000 0.095556
0 0.646250 0.721111 0.025000 0.095556
0 0.667500 0.796667 0.025000 0.095556
0 0.557500 0.902222 0.025000 0.102222
0 0.620000 0.870000 0.025000 0.095556
0 0.950000 0.805556 0.025000 0.095556
0 0.696250 0.647778 0.025000 0.095556
0 0.760000 0.696667 0.025000 0.095556
0 0.722500 0.692222 0.025000 0.095556
0 0.676250 0.678889 0.025000 0.095556
0 0.980000 0.931111 0.030000 0.128889
0 0.804375 0.672222 0.026250 0.086667
0 0.879375 0.851111 0.026250 0.106667
0 0.805000 0.801111 0.025000 0.095556
0 0.882500 0.665556 0.025000 0.095556
0 0.781875 0.630000 0.026250 0.086667
0 0.735000 0.620000 0.025000 0.071111
1 0.323125 0.784444 0.103750 0.213333
1 0.091250 0.874444 0.132500 0.202222
1 0.781875 0.922222 0.146250 0.146667
1 0.583750 0.758889 0.075000 0.126667
