0 0.272500 0.915556 0.035000 0.142222
0 0.092500 0.791111 0.037500 0.120000
0 0.155000 0.754444 0.025000 0.117778
0 0.269375 0.782222 0.033750 0.111111
0 0.095000 0.715556 0.030000 0.093333
0 0.266250 0.663333 0.027500 0.091111
0 0.238125 0.648889 0.023750 0.102222
0 0.216875 0.601111 0.023750 0.095556
0 0.189375 0.643333 0.031250 0.086667
0 0.321875 0.653333 0.026250 0.111111
0 0.295625 0.627778 0.026250 0.100000
0 0.116250 0.668889 0.027500 0.111111
0 0.167500 0.686667 0.030000 0.088889
0 0.552500 0.910000 0.032500 0.153333
0 0.621875 0.833333 0.028750 0.133333
0 0.678125 0.928889 0.031250 0.137778
0 0.773125 0.810000 0.031250 0.135556
0 0.936250 0.883333 0.037500 0.157778
0 0.822500 0.794444 0.035000 0.126667
0 0.874375 0.775556 0.033750 0.111111
0 0.683125 0.691111 0.018750 0.102222
0 0.620000 0.684444 0.020000 0.106667
0 0.736875 0.688889 0.026250 0.097778
0 0.774375 0.691111 0.021250 0.106667
0 0.850000 0.711111 0.022500 0.093333
0 0.840625 0.635556 0.028750 0.088889
1 0.550625 0.580000 0.061250 0.084444
1 0.118750 0.894444 0.147500 0.202222
1 0.672500 0.613333 0.062500 0.066667
