0 0.324375 0.848889 0.023750 0.124444
0 0.325625 0.741111 0.023750 0.100000
0 0.244375 0.786667 0.028750 0.111111
0 0.153125 0.712222 0.028750 0.091111
0 0.134375 0.625556 0.021250 0.091111
0 0.170000 0.666667 0.030000 0.084444
0 0.718125 0.817778 0.026250 0.115556
0 0.688125 0.771111 0.026250 0.111111
0 0.777500 0.810000 0.030000 0.126667
0 0.872500 0.768889 0.040000 0.124444
0 0.630625 0.697778 0.021250 0.088889
0 0.731250 0.715556 0.027500 0.097778
0 0.768750 0.707778 0.017500 0.082222
0 0.812500 0.625556 0.022500 0.082222
0 0.596250 0.668889 0.027500 0.102222
0 0.760000 0.648889 0.022500 0.097778
1 0.085625 0.911111 0.153750 0.177778
1 0.229375 0.926667 0.121250 0.142222
1 0.900625 0.927778 0.146250 0.140000
