0 0.690000 0.767778 0.030000 0.095556
0 0.871250 0.790000 0.030000 0.095556
0 0.655000 0.783333 0.030000 0.095556
0 0.842500 0.861111 0.030000 0.095556
0 0.815000 0.885556 0.030000 0.095556
0 0.690000 0.890000 0.030000 0.095556
0 0.652500 0.892222 0.030000 0.095556
0 0.317500 0.645556 0.030000 0.095556
0 0.562500 0.952222 0.030000 0.095556
0 0.850000 0.607778 0.030000 0.095556
0 0.881250 0.654444 0.030000 0.095556
0 0.781250 0.796667 0.030000 0.095556
0 0.821250 0.745556 0.030000 0.095556
0 0.898750 0.705556 0.030000 0.095556
0 0.922500 0.767778 0.030000 0.095556
0 0.943750 0.718889 0.030000 0.095556
0 0.948125 0.876667 0.036250 0.095556
0 0.902500 0.880000 0.030000 0.115556
1 0.595000 0.608889 0.102500 0.280000
