0 0.101250 0.834444 0.042500 0.140000
0 0.076250 0.717778 0.027500 0.106667
0 0.275625 0.651111 0.021250 0.093333
0 0.307500 0.656667 0.020000 0.100000
0 0.326250 0.573333 0.027500 0.084444
0 0.602500 0.678889 0.022500 0.095556
0 0.630000 0.671111 0.025000 0.097778
0 0.687500 0.716667 0.027500 0.113333
0 0.730000 0.857778 0.025000 0.120000
0 0.758125 0.773333 0.026250 0.106667
0 0.866875 0.855556 0.036250 0.128889
0 0.756875 0.673333 0.028750 0.088889
0 0.742500 0.617778 0.020000 0.080000
0 0.771250 0.611111 0.020000 0.075556
0 0.636250 0.592222 0.022500 0.073333
1 0.375000 0.633333 0.065000 0.120000
