0 0.806875 0.837778 0.023750 0.102222
0 0.966875 0.917778 0.026250 0.102222
0 0.914375 0.943333 0.031250 0.113333
0 0.849375 0.873333 0.023750 0.102222
0 0.535625 0.648889 0.023750 0.088889
0 0.560625 0.680000 0.023750 0.102222
0 0.826875 0.757778 0.023750 0.102222
0 0.783125 0.933333 0.023750 0.102222
0 0.739375 0.614444 0.021250 0.073333
0 0.923125 0.711111 0.023750 0.102222
0 0.944375 0.831111 0.023750 0.102222
0 0.878750 0.781111 0.027500 0.104444
0 0.909375 0.848889 0.023750 0.102222
1 0.653750 0.805556 0.165000 0.388889
