0 0.107500 0.822222 0.040000 0.137778
0 0.182500 0.823333 0.050000 0.126667
0 0.089375 0.696667 0.023750 0.073333
0 0.132500 0.714444 0.052500 0.095556
0 0.188125 0.698889 0.028750 0.095556
0 0.272500 0.776667 0.032500 0.140000
0 0.283750 0.676667 0.032500 0.086667
0 0.181250 0.612222 0.020000 0.077778
0 0.124375 0.630000 0.028750 0.077778
0 0.282500 0.581111 0.027500 0.073333
0 0.583750 0.694444 0.022500 0.104444
0 0.630625 0.796667 0.043750 0.131111
0 0.740000 0.740000 0.037500 0.102222
0 0.871875 0.682222 0.033750 0.093333
0 0.764375 0.643333 0.023750 0.091111
0 0.689375 0.602222 0.023750 0.080000
0 0.726875 0.616667 0.023750 0.082222
1 0.763750 0.898889 0.135000 0.184444
1 0.616875 0.604444 0.068750 0.106667
1 0.398125 0.624444 0.063750 0.146667
