0 0.079375 0.762222 0.028750 0.128889
0 0.138125 0.637778 0.028750 0.093333
0 0.654375 0.777778 0.026250 0.128889
0 0.741250 0.904444 0.035000 0.146667
0 0.815625 0.777778 0.033750 0.115556
0 0.892500 0.793333 0.037500 0.111111
0 0.833125 0.690000 0.028750 0.100000
0 0.683750 0.667778 0.020000 0.104444
0 0.730000 0.668889 0.025000 0.097778
0 0.624375 0.603333 0.021250 0.100000
0 0.778125 0.614444 0.021250 0.086667
0 0.658750 0.614444 0.020000 0.095556
0 0.730000 0.602222 0.025000 0.093333
0 0.808125 0.607778 0.018750 0.086667
