0 0.588750 0.615556 0.020000 0.084444
0 0.775000 0.675556 0.020000 0.084444
0 0.707500 0.671111 0.020000 0.084444
0 0.621250 0.611111 0.020000 0.084444
0 0.670000 0.646667 0.020000 0.084444
0 0.167500 0.648889 0.020000 0.084444
0 0.820000 0.668889 0.020000 0.084444
0 0.738750 0.711111 0.020000 0.084444
0 0.881250 0.731111 0.020000 0.084444
0 0.855000 0.751111 0.020000 0.084444
0 0.887500 0.937778 0.032500 0.111111
0 0.826250 0.842222 0.030000 0.115556
0 0.827500 0.755556 0.020000 0.084444
0 0.643750 0.597778 0.020000 0.084444
1 0.353125 0.733333 0.083750 0.146667
1 0.187500 0.804444 0.102500 0.173333
1 0.598125 0.896667 0.088750 0.180000
1 0.729375 0.847778 0.118750 0.153333
1 0.245000 0.603333 0.075000 0.091111
