0 0.570000 0.783333 0.027500 0.082222
0 0.860000 0.645556 0.027500 0.082222
0 0.791250 0.716667 0.027500 0.082222
0 0.653750 0.710000 0.027500 0.082222
0 0.696250 0.756667 0.027500 0.082222
0 0.620000 0.752222 0.027500 0.082222
0 0.308750 0.618889 0.027500 0.082222
0 0.185000 0.658889 0.027500 0.082222
0 0.270000 0.725556 0.027500 0.082222
0 0.238750 0.841111 0.027500 0.082222
0 0.136250 0.763333 0.027500 0.082222
0 0.072500 0.787778 0.027500 0.082222
0 0.861250 0.831111 0.025000 0.111111
0 0.959375 0.878889 0.028750 0.122222
0 0.833750 0.752222 0.027500 0.082222
0 0.600000 0.635556 0.020000 0.080000
0 0.581250 0.670000 0.027500 0.082222
0 0.558750 0.712222 0.027500 0.082222
0 0.757500 0.656667 0.027500 0.082222
0 0.808125 0.668889 0.023750 0.093333
0 0.080000 0.692222 0.027500 0.082222
0 0.333125 0.636667 0.028750 0.068889
1 0.318125 0.816667 0.113750 0.295556
1 0.188125 0.790000 0.093750 0.162222
1 0.710000 0.665556 0.077500 0.113333
