0 0.583750 0.720000 0.035000 0.111111
0 0.548750 0.800000 0.035000 0.111111
0 0.181250 0.706667 0.035000 0.111111
0 0.238750 0.708889 0.035000 0.111111
0 0.283750 0.655556 0.035000 0.111111
0 0.817500 0.777778 0.035000 0.111111
0 0.546250 0.680000 0.035000 0.111111
0 0.663750 0.822222 0.035000 0.111111
0 0.621250 0.777778 0.035000 0.111111
0 0.865000 0.828889 0.027500 0.102222
0 0.908750 0.855556 0.035000 0.111111
0 0.612500 0.685556 0.030000 0.100000
0 0.854375 0.632222 0.023750 0.108889
0 0.955000 0.942222 0.035000 0.111111
0 0.656875 0.650000 0.031250 0.104444
1 0.815000 0.923333 0.135000 0.153333
