0 0.252500 0.614444 0.027500 0.082222
0 0.121875 0.792222 0.033750 0.113333
0 0.222500 0.603333 0.027500 0.082222
0 0.188750 0.696667 0.025000 0.100000
0 0.156250 0.610000 0.027500 0.082222
0 0.640000 0.765556 0.027500 0.082222
0 0.612500 0.692222 0.027500 0.082222
0 0.563750 0.665556 0.027500 0.082222
0 0.400000 0.658889 0.027500 0.082222
0 0.715625 0.828889 0.028750 0.115556
0 0.621875 0.898889 0.033750 0.126667
0 0.565625 0.932222 0.036250 0.131111
0 0.670625 0.837778 0.031250 0.102222
0 0.875625 0.810000 0.031250 0.091111
0 0.926250 0.712222 0.027500 0.082222
0 0.807500 0.767778 0.027500 0.082222
0 0.748750 0.772222 0.027500 0.082222
0 0.853750 0.658889 0.027500 0.082222
0 0.945000 0.801111 0.027500 0.082222
0 0.776875 0.891111 0.033750 0.106667
0 0.827500 0.698889 0.022500 0.077778
0 0.716250 0.707778 0.027500 0.082222
0 0.762500 0.703333 0.027500 0.082222
0 0.818125 0.953333 0.028750 0.093333
0 0.652500 0.645556 0.027500 0.082222
1 0.285000 0.666667 0.075000 0.115556
1 0.580000 0.535556 0.042500 0.088889
