0 0.688750 0.828889 0.030000 0.106667
0 0.336250 0.606667 0.025000 0.106667
0 0.270000 0.731111 0.030000 0.106667
0 0.223750 0.717778 0.030000 0.106667
0 0.085000 0.706667 0.030000 0.106667
0 0.235625 0.638889 0.026250 0.086667
0 0.703125 0.630000 0.026250 0.086667
0 0.605625 0.770000 0.026250 0.086667
0 0.163125 0.618889 0.026250 0.086667
0 0.897500 0.853333 0.030000 0.106667
0 0.826250 0.877778 0.030000 0.106667
0 0.845000 0.657778 0.030000 0.106667
0 0.875000 0.771111 0.030000 0.106667
0 0.925000 0.742222 0.030000 0.106667
0 0.893750 0.851111 0.030000 0.106667
0 0.753125 0.574444 0.018750 0.068889
0 0.784375 0.603333 0.018750 0.068889
0 0.808125 0.578889 0.018750 0.068889
0 0.780625 0.564444 0.018750 0.062222
0 0.383750 0.604444 0.030000 0.106667
2 0.198750 0.603333 0.020000 0.086667
2 0.217500 0.618889 0.017500 0.073333
1 0.682500 0.726667 0.087500 0.097778
1 0.630000 0.571111 0.052500 0.093333
