0 0.132500 0.685556 0.030000 0.113333
0 0.161250 0.716667 0.030000 0.113333
0 0.298750 0.677778 0.045000 0.097778
0 0.236875 0.723333 0.031250 0.100000
0 0.211875 0.795556 0.028750 0.128889
0 0.027500 0.818889 0.030000 0.113333
0 0.061250 0.761111 0.030000 0.113333
0 0.616250 0.750000 0.030000 0.113333
0 0.798750 0.657778 0.022500 0.102222
0 0.761875 0.666667 0.023750 0.088889
0 0.688125 0.601111 0.026250 0.091111
0 0.824375 0.653333 0.021250 0.093333
0 0.940625 0.765556 0.023750 0.100000
0 0.911875 0.701111 0.023750 0.100000
0 0.865625 0.730000 0.023750 0.100000
0 0.847500 0.934444 0.030000 0.113333
0 0.583125 0.598889 0.023750 0.100000
0 0.860000 0.641111 0.022500 0.073333
0 0.603125 0.590000 0.023750 0.100000
1 0.681250 0.704444 0.072500 0.120000
2 0.268750 0.596667 0.020000 0.091111
2 0.289375 0.611111 0.016250 0.057778
1 0.883125 0.862222 0.153750 0.177778
