0 0.776250 0.927778 0.027500 0.113333
0 0.720000 0.903333 0.027500 0.113333
0 0.745000 0.814444 0.027500 0.113333
0 0.895000 0.608889 0.020000 0.071111
0 0.631250 0.636667 0.027500 0.113333
0 0.227500 0.606667 0.022500 0.084444
0 0.721875 0.663333 0.026250 0.091111
0 0.678750 0.678889 0.027500 0.113333
0 0.811250 0.905556 0.027500 0.113333
0 0.700625 0.621111 0.033750 0.077778
0 0.744375 0.727778 0.026250 0.091111
0 0.649375 0.612222 0.026250 0.091111
2 0.405625 0.616667 0.016250 0.086667
1 0.316875 0.771111 0.088750 0.160000
1 0.365625 0.577778 0.066250 0.088889
1 0.633125 0.763333 0.073750 0.131111
1 0.856250 0.708889 0.180000 0.248889
