0 0.095625 0.716667 0.031250 0.108889
0 0.093125 0.816667 0.031250 0.108889
0 0.138125 0.932222 0.031250 0.108889
0 0.069375 0.923333 0.031250 0.108889
0 0.145625 0.741111 0.031250 0.108889
0 0.216250 0.697778 0.025000 0.084444
0 0.210625 0.790000 0.031250 0.108889
0 0.236875 0.603333 0.031250 0.108889
0 0.623750 0.744444 0.032500 0.115556
0 0.166875 0.674444 0.031250 0.108889
0 0.543750 0.641111 0.025000 0.100000
0 0.690625 0.912222 0.031250 0.144444
0 0.664375 0.776667 0.031250 0.108889
0 0.826875 0.803333 0.031250 0.108889
0 0.789375 0.714444 0.031250 0.108889
0 0.736875 0.710000 0.031250 0.108889
0 0.918125 0.863333 0.031250 0.108889
0 0.916875 0.758889 0.031250 0.108889
0 0.875625 0.758889 0.031250 0.108889
0 0.876875 0.870000 0.031250 0.108889
0 0.839375 0.736667 0.031250 0.108889
0 0.979375 0.903333 0.038750 0.131111
0 0.816875 0.683333 0.031250 0.108889
0 0.606875 0.610000 0.028750 0.091111
0 0.759375 0.668889 0.028750 0.093333
1 0.328125 0.825556 0.098750 0.184444
1 0.808750 0.921111 0.150000 0.157778
1 0.666875 0.666667 0.066250 0.097778
2 0.706875 0.637778 0.016250 0.093333
2 0.882500 0.613333 0.017500 0.084444
