0 0.545625 0.645556 0.028750 0.095556
0 0.151875 0.594444 0.028750 0.095556
0 0.190625 0.621111 0.028750 0.095556
0 0.126250 0.826667 0.040000 0.146667
0 0.023125 0.776667 0.028750 0.095556
0 0.178125 0.907778 0.031250 0.144444
0 0.206875 0.681111 0.028750 0.095556
0 0.331875 0.618889 0.028750 0.095556
0 0.274375 0.623333 0.028750 0.095556
0 0.219375 0.758889 0.028750 0.095556
0 0.612500 0.935556 0.030000 0.128889
0 0.605625 0.734444 0.028750 0.095556
0 0.551875 0.765556 0.028750 0.095556
0 0.544375 0.866667 0.028750 0.115556
0 0.628125 0.663333 0.028750 0.095556
0 0.650625 0.707778 0.028750 0.095556
0 0.643750 0.866667 0.030000 0.115556
0 0.600000 0.660000 0.027500 0.080000
0 0.899375 0.770000 0.028750 0.095556
0 0.915625 0.810000 0.028750 0.095556
0 0.923750 0.921111 0.037500 0.113333
0 0.841875 0.725556 0.028750 0.095556
0 0.821875 0.783333 0.028750 0.095556
0 0.799375 0.721111 0.028750 0.095556
0 0.881875 0.707778 0.028750 0.095556
0 0.698125 0.940000 0.028750 0.097778
0 0.705625 0.692222 0.028750 0.095556
0 0.864375 0.887778 0.031250 0.108889
1 0.749375 0.857778 0.111250 0.177778
1 0.576875 0.511111 0.081250 0.173333
2 0.390000 0.904444 0.030000 0.137778
