0 0.138750 0.893333 0.032500 0.111111
0 0.967500 0.770000 0.025000 0.086667
0 0.845000 0.663333 0.025000 0.086667
0 0.751250 0.681111 0.025000 0.086667
0 0.781250 0.683333 0.025000 0.086667
0 0.801250 0.736667 0.025000 0.086667
0 0.807500 0.825556 0.025000 0.086667
0 0.191250 0.583333 0.025000 0.086667
0 0.163750 0.583333 0.025000 0.086667
0 0.261250 0.641111 0.025000 0.086667
0 0.222500 0.643333 0.025000 0.086667
0 0.178750 0.670000 0.025000 0.086667
0 0.216250 0.754444 0.025000 0.086667
0 0.096250 0.716667 0.025000 0.086667
0 0.573750 0.887778 0.025000 0.126667
0 0.935000 0.810000 0.025000 0.086667
0 0.848750 0.727778 0.025000 0.086667
0 0.635000 0.847778 0.025000 0.086667
0 0.891250 0.830000 0.025000 0.086667
0 0.758750 0.738889 0.025000 0.086667
0 0.623750 0.725556 0.025000 0.086667
0 0.135000 0.793333 0.032500 0.111111
1 0.772500 0.907778 0.132500 0.171111
1 0.688125 0.695556 0.081250 0.124444
1 0.575625 0.682222 0.056250 0.111111
1 0.291875 0.853333 0.141250 0.293333
