0 0.610625 0.600000 0.016250 0.080000
0 0.857500 0.621111 0.025000 0.086667
0 0.720000 0.587778 0.027500 0.077778
0 0.760000 0.587778 0.025000 0.091111
0 0.746250 0.634444 0.022500 0.095556
0 0.785000 0.705556 0.035000 0.068889
0 0.778750 0.783333 0.030000 0.122222
0 0.807500 0.758889 0.022500 0.108889
0 0.846250 0.744444 0.032500 0.102222
0 0.884375 0.880000 0.043750 0.124444
0 0.927500 0.873333 0.037500 0.137778
0 0.925625 0.740000 0.041250 0.137778
1 0.563750 0.587778 0.052500 0.091111
1 0.690000 0.704444 0.087500 0.128889
2 0.883750 0.646667 0.017500 0.084444
