0 0.303125 0.574444 0.016250 0.091111
0 0.095000 0.723333 0.020000 0.086667
0 0.348125 0.545556 0.018750 0.082222
0 0.828125 0.802222 0.028750 0.093333
0 0.783750 0.804444 0.017500 0.102222
0 0.754375 0.844444 0.026250 0.128889
0 0.687500 0.872222 0.035000 0.113333
0 0.908125 0.840000 0.021250 0.106667
0 0.935000 0.811111 0.022500 0.102222
0 0.880625 0.852222 0.021250 0.100000
0 0.854375 0.896667 0.033750 0.117778
0 0.750625 0.668889 0.023750 0.084444
0 0.799375 0.748889 0.028750 0.093333
0 0.864375 0.755556 0.028750 0.093333
0 0.913125 0.691111 0.028750 0.093333
0 0.843125 0.711111 0.028750 0.093333
0 0.783125 0.684444 0.028750 0.093333
0 0.959375 0.881111 0.031250 0.117778
1 0.604375 0.756667 0.081250 0.153333
1 0.697500 0.726667 0.082500 0.111111
1 0.354375 0.754444 0.101250 0.184444
1 0.126250 0.795556 0.130000 0.160000
2 0.571875 0.633333 0.021250 0.084444
0 0.543750 0.650000 0.025000 0.104444
1 0.677500 0.604444 0.067500 0.097778
