0 0.566875 0.698889 0.028750 0.082222
0 0.846250 0.704444 0.030000 0.102222
0 0.730000 0.773333 0.030000 0.102222
0 0.707500 0.844444 0.030000 0.102222
0 0.617500 0.806667 0.030000 0.102222
0 0.182500 0.620000 0.030000 0.102222
0 0.127500 0.662222 0.030000 0.102222
0 0.968750 0.815556 0.035000 0.120000
0 0.660625 0.922222 0.036250 0.146667
0 0.780625 0.935556 0.031250 0.128889
0 0.796250 0.791111 0.030000 0.102222
0 0.825000 0.908889 0.037500 0.142222
0 0.908750 0.918889 0.045000 0.126667
0 0.653750 0.605556 0.025000 0.077778
0 0.613125 0.611111 0.026250 0.093333
0 0.571250 0.635556 0.025000 0.084444
0 0.123750 0.753333 0.062500 0.111111
1 0.683750 0.692222 0.062500 0.108889
