0 0.060625 0.772222 0.026250 0.113333
0 0.036250 0.901111 0.050000 0.148889
0 0.160000 0.702222 0.025000 0.097778
0 0.131250 0.671111 0.022500 0.102222
0 0.222500 0.675556 0.027500 0.093333
0 0.193750 0.634444 0.025000 0.095556
0 0.236250 0.595556 0.022500 0.080000
0 0.270625 0.585556 0.018750 0.082222
0 0.578750 0.671111 0.027500 0.111111
0 0.628750 0.693333 0.025000 0.106667
0 0.693125 0.868889 0.033750 0.133333
0 0.825625 0.876667 0.038750 0.135556
0 0.756875 0.796667 0.031250 0.126667
0 0.548125 0.633333 0.021250 0.084444
0 0.662500 0.675556 0.020000 0.093333
0 0.801250 0.730000 0.022500 0.100000
0 0.893125 0.685556 0.021250 0.091111
0 0.966250 0.758889 0.035000 0.122222
0 0.922500 0.712222 0.027500 0.086667
0 0.754375 0.684444 0.023750 0.075556
0 0.688750 0.655556 0.030000 0.084444
0 0.780000 0.660000 0.022500 0.080000
0 0.836250 0.685556 0.025000 0.091111
1 0.320625 0.718889 0.078750 0.135556
