0 0.084375 0.808889 0.028750 0.120000
0 0.191875 0.728889 0.028750 0.120000
0 0.115000 0.672222 0.027500 0.108889
0 0.146875 0.713333 0.031250 0.093333
0 0.096875 0.920000 0.028750 0.120000
0 0.143125 0.817778 0.028750 0.120000
0 0.533125 0.691111 0.031250 0.093333
0 0.564375 0.757778 0.031250 0.093333
0 0.186250 0.580000 0.025000 0.088889
0 0.227500 0.631111 0.025000 0.088889
0 0.622500 0.640000 0.025000 0.088889
0 0.593750 0.668889 0.025000 0.088889
0 0.562500 0.657778 0.025000 0.088889
0 0.806875 0.641111 0.021250 0.077778
0 0.788125 0.670000 0.018750 0.077778
0 0.690000 0.608889 0.020000 0.075556
0 0.836250 0.911111 0.030000 0.102222
0 0.863750 0.687778 0.025000 0.091111
0 0.898750 0.681111 0.025000 0.091111
0 0.934375 0.908889 0.031250 0.093333
0 0.908125 0.953333 0.031250 0.093333
0 0.976875 0.888889 0.031250 0.093333
0 0.958750 0.800000 0.025000 0.088889
0 0.913750 0.811111 0.025000 0.088889
1 0.327500 0.844444 0.122500 0.248889
1 0.651875 0.831111 0.101250 0.168889
1 0.705625 0.696667 0.086250 0.104444
1 0.253125 0.718889 0.098750 0.162222
1 0.826875 0.788889 0.108750 0.128889
2 0.966875 0.691111 0.026250 0.084444
2 0.747500 0.647778 0.015000 0.077778
