0 0.853125 0.633333 0.021250 0.071111
0 0.966875 0.768889 0.041250 0.124444
0 0.842500 0.837778 0.057500 0.142222
0 0.784375 0.728889 0.033750 0.106667
0 0.878750 0.705556 0.035000 0.095556
0 0.741875 0.692222 0.026250 0.100000
0 0.823750 0.582222 0.020000 0.071111
0 0.630000 0.642222 0.025000 0.088889
0 0.632500 0.927778 0.045000 0.144444
0 0.678750 0.558889 0.022500 0.077778
0 0.646250 0.543333 0.027500 0.064444
0 0.740625 0.603333 0.021250 0.077778
0 0.420000 0.593333 0.020000 0.080000
0 0.116875 0.790000 0.033750 0.135556
0 0.187500 0.762222 0.027500 0.124444
0 0.022500 0.758889 0.040000 0.122222
0 0.095625 0.714444 0.031250 0.108889
0 0.223750 0.695556 0.032500 0.102222
0 0.172500 0.598889 0.037500 0.091111
0 0.253125 0.600000 0.026250 0.093333
0 0.221250 0.574444 0.030000 0.095556
0 0.167500 0.737778 0.025000 0.120000
0 0.297500 0.574444 0.022500 0.082222
0 0.715000 0.575556 0.020000 0.088889
0 0.566875 0.534444 0.018750 0.060000
0 0.338125 0.528889 0.018750 0.062222
1 0.319375 0.790000 0.101250 0.228889
1 0.340000 0.600000 0.057500 0.088889
1 0.682500 0.771111 0.090000 0.137778
1 0.430000 0.495556 0.037500 0.075556
1 0.596250 0.585556 0.040000 0.082222
2 0.907500 0.624444 0.020000 0.071111
