0 0.581875 0.638889 0.028750 0.086667
0 0.604375 0.897778 0.028750 0.115556
0 0.746875 0.863333 0.028750 0.086667
0 0.644375 0.812222 0.028750 0.086667
0 0.689375 0.792222 0.028750 0.086667
0 0.630625 0.727778 0.028750 0.086667
0 0.581875 0.718889 0.028750 0.086667
0 0.541250 0.684444 0.022500 0.084444
0 0.933125 0.833333 0.028750 0.115556
0 0.885625 0.855556 0.028750 0.115556
0 0.793125 0.915556 0.028750 0.115556
0 0.823125 0.790000 0.028750 0.086667
0 0.785625 0.807778 0.028750 0.086667
0 0.761875 0.738889 0.028750 0.086667
0 0.735625 0.754444 0.028750 0.086667
0 0.715625 0.652222 0.028750 0.086667
0 0.686875 0.678889 0.028750 0.086667
0 0.801875 0.725556 0.028750 0.086667
0 0.850625 0.734444 0.028750 0.086667
0 0.051875 0.768889 0.028750 0.115556
0 0.026875 0.911111 0.028750 0.115556
0 0.090625 0.786667 0.028750 0.115556
0 0.150625 0.793333 0.028750 0.115556
0 0.202500 0.607778 0.025000 0.091111
0 0.086875 0.680000 0.028750 0.115556
0 0.173125 0.728889 0.028750 0.115556
0 0.350000 0.620000 0.020000 0.088889
0 0.326250 0.593333 0.020000 0.084444
0 0.298750 0.632222 0.022500 0.077778
0 0.231250 0.587778 0.025000 0.091111
1 0.377500 0.687778 0.065000 0.131111
1 0.295000 0.934444 0.117500 0.131111
1 0.238125 0.744444 0.108750 0.204444
1 0.795000 0.547778 0.140000 0.166667
2 0.901875 0.686667 0.026250 0.111111
