0 0.308750 0.751111 0.027500 0.115556
0 0.832500 0.800000 0.027500 0.115556
0 0.895000 0.886667 0.027500 0.115556
0 0.805000 0.937778 0.027500 0.115556
0 0.751250 0.942222 0.027500 0.115556
0 0.730000 0.837778 0.027500 0.115556
0 0.137500 0.753333 0.027500 0.115556
0 0.085000 0.804444 0.027500 0.115556
0 0.352500 0.760000 0.027500 0.115556
0 0.618750 0.813333 0.027500 0.115556
0 0.843750 0.733333 0.027500 0.115556
0 0.883125 0.683333 0.021250 0.091111
0 0.885000 0.771111 0.027500 0.115556
0 0.937500 0.846667 0.027500 0.115556
0 0.780000 0.751111 0.027500 0.115556
0 0.320000 0.631111 0.032500 0.093333
0 0.750000 0.771111 0.027500 0.115556
0 0.607500 0.693333 0.027500 0.115556
0 0.185000 0.624444 0.027500 0.115556
0 0.102500 0.691111 0.027500 0.115556
0 0.585000 0.682222 0.027500 0.115556
0 0.806250 0.726667 0.027500 0.115556
0 0.548750 0.644444 0.027500 0.115556
1 0.219375 0.823333 0.133750 0.308889
1 0.665625 0.662222 0.081250 0.164444
