0 0.346875 0.802222 0.028750 0.120000
0 0.347500 0.698889 0.025000 0.091111
0 0.271250 0.736667 0.027500 0.100000
0 0.255625 0.700000 0.021250 0.093333
0 0.194375 0.673333 0.023750 0.097778
0 0.183750 0.623333 0.020000 0.064444
0 0.640000 0.738889 0.022500 0.108889
0 0.695625 0.828889 0.028750 0.137778
0 0.735625 0.878889 0.028750 0.126667
0 0.899375 0.812222 0.036250 0.126667
0 0.595625 0.695556 0.018750 0.088889
0 0.789375 0.853333 0.023750 0.111111
0 0.745625 0.758889 0.031250 0.117778
0 0.778750 0.754444 0.025000 0.104444
0 0.830000 0.650000 0.025000 0.104444
0 0.768125 0.675556 0.021250 0.088889
0 0.599375 0.633333 0.023750 0.093333
1 0.681250 0.625556 0.090000 0.180000
1 0.125000 0.860000 0.122500 0.186667
1 0.250000 0.887778 0.117500 0.224444
