0 0.345000 0.718889 0.022500 0.113333
0 0.061250 0.733333 0.032500 0.093333
0 0.357500 0.594444 0.025000 0.100000
0 0.208125 0.595556 0.023750 0.080000
0 0.213750 0.662222 0.022500 0.097778
0 0.193750 0.697778 0.015000 0.111111
0 0.200000 0.792222 0.022500 0.113333
0 0.170000 0.585556 0.022500 0.113333
0 0.173125 0.898889 0.036250 0.135556
0 0.126250 0.724444 0.020000 0.111111
0 0.247500 0.643333 0.022500 0.113333
0 0.042500 0.683333 0.025000 0.100000
0 0.105000 0.658889 0.025000 0.100000
0 0.629375 0.652222 0.026250 0.082222
0 0.616250 0.598889 0.020000 0.064444
0 0.857500 0.630000 0.025000 0.086667
0 0.892500 0.824444 0.032500 0.093333
0 0.847500 0.824444 0.037500 0.088889
0 0.738750 0.924444 0.032500 0.093333
0 0.798750 0.844444 0.032500 0.093333
0 0.743750 0.831111 0.032500 0.093333
0 0.710000 0.766667 0.032500 0.093333
0 0.682500 0.797778 0.032500 0.093333
1 0.793750 0.678889 0.105000 0.184444
1 0.601875 0.763333 0.068750 0.153333
2 0.876875 0.643333 0.021250 0.086667
