0 0.090000 0.735556 0.032500 0.111111
0 0.164375 0.825556 0.031250 0.122222
0 0.214375 0.860000 0.038750 0.146667
0 0.263750 0.818889 0.042500 0.157778
0 0.223125 0.694444 0.026250 0.095556
0 0.576875 0.902222 0.043750 0.124444
0 0.609375 0.770000 0.033750 0.117778
0 0.785625 0.850000 0.028750 0.144444
0 0.833750 0.847778 0.035000 0.122222
0 0.759375 0.737778 0.023750 0.084444
0 0.822500 0.698889 0.027500 0.100000
0 0.864375 0.731111 0.031250 0.102222
0 0.780625 0.703333 0.026250 0.091111
0 0.828750 0.613333 0.027500 0.088889
2 0.161875 0.617778 0.026250 0.088889
1 0.680625 0.653333 0.091250 0.217778
1 0.363125 0.776667 0.096250 0.166667
1 0.293125 0.617778 0.073750 0.102222
1 0.416875 0.535556 0.041250 0.075556
