0 0.145000 0.804444 0.045000 0.137778
0 0.068125 0.721111 0.038750 0.113333
0 0.163750 0.704444 0.030000 0.088889
0 0.228125 0.666667 0.023750 0.097778
0 0.143750 0.637778 0.027500 0.097778
0 0.212500 0.637778 0.022500 0.084444
0 0.183125 0.588889 0.026250 0.080000
0 0.263750 0.590000 0.017500 0.095556
0 0.213750 0.558889 0.017500 0.077778
0 0.657500 0.900000 0.040000 0.124444
0 0.935000 0.753333 0.045000 0.111111
0 0.853750 0.618889 0.027500 0.100000
0 0.802500 0.608889 0.032500 0.080000
0 0.585625 0.625556 0.023750 0.091111
0 0.545000 0.581111 0.022500 0.095556
0 0.622500 0.597778 0.027500 0.071111
0 0.637500 0.513333 0.020000 0.057778
1 0.743125 0.875556 0.126250 0.204444
1 0.694375 0.703333 0.086250 0.140000
1 0.594375 0.803333 0.076250 0.162222
1 0.394375 0.641111 0.068750 0.144444
1 0.316875 0.592222 0.078750 0.126667
1 0.288750 0.913333 0.140000 0.173333
