0 0.386875 0.683333 0.023750 0.104444
0 0.391875 0.621111 0.013750 0.068889
0 0.238125 0.588889 0.021250 0.097778
0 0.262500 0.600000 0.025000 0.093333
0 0.605625 0.806667 0.023750 0.115556
0 0.799375 0.920000 0.036250 0.133333
0 0.661875 0.921111 0.041250 0.140000
0 0.802500 0.782222 0.025000 0.128889
0 0.831250 0.885556 0.027500 0.126667
0 0.788125 0.670000 0.026250 0.100000
0 0.594375 0.704444 0.023750 0.102222
0 0.610000 0.642222 0.025000 0.102222
1 0.293750 0.748889 0.097500 0.186667
1 0.203750 0.714444 0.080000 0.140000
1 0.710625 0.698889 0.106250 0.228889
