0 0.680625 0.835556 0.026250 0.088889
0 0.824375 0.746667 0.026250 0.088889
0 0.848125 0.742222 0.026250 0.088889
0 0.803125 0.775556 0.026250 0.088889
0 0.731875 0.746667 0.026250 0.088889
0 0.949375 0.806667 0.026250 0.088889
0 0.737500 0.915556 0.027500 0.102222
0 0.760625 0.848889 0.026250 0.088889
0 0.648750 0.790000 0.030000 0.095556
0 0.206250 0.777778 0.027500 0.102222
0 0.826250 0.880000 0.027500 0.102222
0 0.883750 0.895556 0.027500 0.102222
0 0.275000 0.551111 0.027500 0.102222
0 0.305000 0.628889 0.027500 0.102222
0 0.895625 0.840000 0.026250 0.088889
0 0.745625 0.693333 0.026250 0.088889
0 0.861875 0.693333 0.026250 0.088889
0 0.888125 0.742222 0.026250 0.088889
0 0.929375 0.724444 0.026250 0.088889
0 0.780625 0.700000 0.026250 0.088889
0 0.801875 0.672222 0.016250 0.082222
2 0.541875 0.640000 0.016250 0.084444
1 0.598125 0.696667 0.066250 0.135556
1 0.675000 0.664444 0.067500 0.102222
1 0.340625 0.733333 0.076250 0.146667
1 0.296875 0.914444 0.133750 0.171111
1 0.669375 0.570000 0.061250 0.073333
