0 0.562500 0.745556 0.030000 0.117778
0 0.940625 0.765556 0.073750 0.131111
0 0.803125 0.633333 0.021250 0.088889
0 0.842500 0.816667 0.030000 0.117778
0 0.927500 0.896667 0.030000 0.117778
0 0.885625 0.918889 0.028750 0.122222
0 0.837500 0.712222 0.030000 0.117778
0 0.648750 0.743333 0.030000 0.117778
0 0.631250 0.863333 0.030000 0.117778
0 0.668750 0.796667 0.030000 0.117778
0 0.601250 0.727778 0.030000 0.117778
2 0.990000 0.700000 0.020000 0.115556
1 0.763125 0.914444 0.138750 0.171111
1 0.729375 0.704444 0.103750 0.195556
1 0.576250 0.582222 0.067500 0.133333
