0 0.868750 0.714444 0.025000 0.086667
0 0.732500 0.672222 0.025000 0.086667
0 0.970000 0.865556 0.025000 0.086667
0 0.828750 0.601111 0.025000 0.086667
0 0.810000 0.662222 0.025000 0.084444
0 0.841250 0.734444 0.025000 0.086667
0 0.888750 0.836667 0.025000 0.086667
0 0.606250 0.863333 0.030000 0.131111
0 0.566250 0.812222 0.025000 0.086667
0 0.630000 0.750000 0.025000 0.086667
0 0.156250 0.783333 0.025000 0.086667
0 0.223750 0.730000 0.025000 0.086667
0 0.755000 0.721111 0.025000 0.086667
0 0.776250 0.710000 0.025000 0.086667
0 0.893750 0.697778 0.022500 0.088889
0 0.621250 0.650000 0.022500 0.082222
0 0.216250 0.663333 0.025000 0.086667
0 0.098750 0.818889 0.025000 0.086667
0 0.093750 0.705556 0.025000 0.086667
0 0.256250 0.650000 0.025000 0.086667
0 0.191250 0.645556 0.025000 0.086667
0 0.168750 0.612222 0.025000 0.086667
0 0.221250 0.603333 0.025000 0.086667
1 0.313750 0.845556 0.095000 0.188889
1 0.390000 0.641111 0.067500 0.153333
1 0.573750 0.636667 0.047500 0.100000
1 0.676250 0.650000 0.070000 0.113333
0 0.540625 0.945556 0.041250 0.108889
1 0.691875 0.962222 0.111250 0.075556
1 0.904375 0.938889 0.153750 0.122222
