0 0.193125 0.754444 0.028750 0.113333
0 0.138125 0.661111 0.021250 0.082222
0 0.053125 0.811111 0.033750 0.128889
0 0.215625 0.655556 0.026250 0.075556
0 0.386250 0.721111 0.025000 0.104444
0 0.104375 0.842222 0.038750 0.128889
0 0.186875 0.640000 0.031250 0.093333
0 0.266250 0.642222 0.025000 0.097778
0 0.671875 0.933333 0.058750 0.128889
0 0.940000 0.862222 0.050000 0.142222
0 0.784375 0.714444 0.028750 0.100000
0 0.745625 0.652222 0.031250 0.086667
0 0.610625 0.615556 0.021250 0.075556
0 0.579375 0.590000 0.021250 0.077778
0 0.685625 0.582222 0.018750 0.075556
0 0.840000 0.851111 0.037500 0.115556
0 0.301875 0.581111 0.031250 0.077778
0 0.220000 0.570000 0.022500 0.077778
0 0.765000 0.568889 0.020000 0.066667
0 0.821875 0.587778 0.021250 0.077778
1 0.608125 0.726667 0.066250 0.133333
1 0.302500 0.713333 0.090000 0.186667
1 0.376250 0.570000 0.050000 0.122222
1 0.730000 0.771111 0.085000 0.160000
