0 0.546875 0.650000 0.023750 0.086667
0 0.608750 0.925556 0.025000 0.135556
0 0.657500 0.684444 0.017500 0.080000
0 0.750000 0.710000 0.020000 0.100000
0 0.787500 0.754444 0.027500 0.117778
0 0.834375 0.785556 0.021250 0.117778
0 0.868750 0.756667 0.020000 0.117778
0 0.941875 0.776667 0.026250 0.131111
0 0.815625 0.698889 0.021250 0.095556
0 0.666875 0.588889 0.016250 0.080000
0 0.750625 0.595556 0.013750 0.080000
0 0.729375 0.558889 0.016250 0.068889
1 0.776875 0.943333 0.136250 0.113333
1 0.586250 0.608889 0.052500 0.093333
1 0.711250 0.638889 0.057500 0.100000
