0 0.206875 0.828889 0.043750 0.120000
0 0.157500 0.731111 0.042500 0.111111
0 0.155625 0.661111 0.033750 0.086667
0 0.045625 0.707778 0.028750 0.126667
0 0.235000 0.638889 0.022500 0.095556
0 0.273750 0.673333 0.025000 0.111111
0 0.330625 0.674444 0.033750 0.122222
0 0.647500 0.707778 0.030000 0.091111
0 0.342500 0.566667 0.027500 0.075556
0 0.706875 0.761111 0.021250 0.095556
0 0.786250 0.763333 0.022500 0.095556
0 0.733125 0.720000 0.031250 0.093333
0 0.826875 0.704444 0.023750 0.106667
0 0.849375 0.853333 0.041250 0.128889
0 0.895625 0.838889 0.026250 0.117778
0 0.860625 0.686667 0.026250 0.084444
0 0.766250 0.643333 0.020000 0.091111
0 0.723125 0.647778 0.023750 0.068889
1 0.573125 0.694444 0.066250 0.126667
