0 0.834375 0.704444 0.028750 0.097778
0 0.865000 0.660000 0.027500 0.106667
0 0.785000 0.643333 0.027500 0.077778
0 0.892500 0.830000 0.027500 0.113333
0 0.381250 0.661111 0.027500 0.113333
0 0.883125 0.760000 0.023750 0.080000
0 0.192500 0.566667 0.027500 0.084444
0 0.150000 0.618889 0.027500 0.113333
1 0.565000 0.671111 0.057500 0.120000
1 0.661250 0.915556 0.125000 0.160000
1 0.811875 0.814444 0.103750 0.135556
1 0.681875 0.631111 0.143750 0.253333
2 0.055625 0.691111 0.018750 0.093333
2 0.888125 0.625556 0.018750 0.082222
2 0.911250 0.617778 0.017500 0.084444
