0 0.666875 0.626667 0.031250 0.097778
0 0.606875 0.862222 0.031250 0.097778
0 0.599375 0.715556 0.031250 0.097778
0 0.553125 0.900000 0.031250 0.097778
0 0.568125 0.651111 0.031250 0.097778
0 0.205000 0.578889 0.030000 0.082222
0 0.255625 0.600000 0.031250 0.097778
0 0.054375 0.782222 0.031250 0.097778
0 0.110625 0.695556 0.031250 0.097778
0 0.171875 0.700000 0.031250 0.097778
0 0.651875 0.942222 0.031250 0.097778
0 0.700625 0.877778 0.031250 0.097778
0 0.635625 0.697778 0.031250 0.097778
0 0.673125 0.762222 0.031250 0.097778
0 0.885625 0.675556 0.031250 0.097778
0 0.844375 0.724444 0.031250 0.097778
0 0.824375 0.795556 0.031250 0.097778
0 0.765625 0.860000 0.031250 0.097778
0 0.930625 0.802222 0.031250 0.097778
0 0.806875 0.711111 0.031250 0.097778
0 0.709375 0.737778 0.031250 0.097778
0 0.764375 0.728889 0.031250 0.097778
0 0.738125 0.657778 0.031250 0.097778
0 0.894375 0.888889 0.031250 0.097778
0 0.931875 0.875556 0.031250 0.097778
1 0.286875 0.740000 0.106250 0.191111
1 0.391875 0.614444 0.056250 0.104444
1 0.318125 0.583333 0.066250 0.117778
