0 0.063750 0.795556 0.032500 0.124444
0 0.353750 0.697778 0.027500 0.115556
0 0.132500 0.703333 0.027500 0.100000
0 0.224375 0.652222 0.023750 0.086667
0 0.279375 0.611111 0.026250 0.097778
0 0.153125 0.634444 0.028750 0.082222
0 0.208125 0.607778 0.028750 0.091111
0 0.106875 0.641111 0.033750 0.100000
0 0.579375 0.796667 0.033750 0.122222
0 0.621250 0.881111 0.035000 0.144444
0 0.893125 0.688889 0.026250 0.106667
0 0.733125 0.836667 0.031250 0.122222
0 0.827500 0.841111 0.030000 0.113333
0 0.891875 0.838889 0.041250 0.131111
0 0.703125 0.745556 0.033750 0.113333
0 0.646875 0.691111 0.028750 0.102222
0 0.751250 0.760000 0.032500 0.111111
0 0.810000 0.770000 0.035000 0.117778
0 0.938125 0.717778 0.036250 0.097778
0 0.868125 0.654444 0.023750 0.122222
0 0.737500 0.667778 0.030000 0.073333
0 0.843750 0.693333 0.025000 0.102222
1 0.590000 0.610000 0.055000 0.091111
1 0.671250 0.615556 0.060000 0.080000
