0 0.038750 0.862222 0.037500 0.133333
0 0.127500 0.663333 0.020000 0.095556
0 0.143125 0.916667 0.033750 0.108889
0 0.635000 0.695556 0.027500 0.106667
0 0.735000 0.830000 0.025000 0.131111
0 0.785625 0.803333 0.033750 0.144444
0 0.898750 0.794444 0.037500 0.126667
0 0.842500 0.712222 0.025000 0.104444
0 0.880625 0.677778 0.031250 0.106667
0 0.687500 0.711111 0.030000 0.106667
0 0.723125 0.677778 0.023750 0.102222
0 0.762500 0.690000 0.025000 0.095556
0 0.786250 0.662222 0.025000 0.093333
0 0.603750 0.608889 0.020000 0.088889
0 0.559375 0.630000 0.026250 0.108889
0 0.636875 0.625556 0.023750 0.077778
0 0.701875 0.623333 0.018750 0.082222
0 0.730000 0.604444 0.020000 0.066667
0 0.774375 0.603333 0.013750 0.064444
