0 0.555000 0.760000 0.027500 0.106667
0 0.750000 0.873333 0.045000 0.115556
0 0.770000 0.782222 0.030000 0.106667
0 0.826875 0.856667 0.043750 0.157778
0 0.892500 0.905556 0.037500 0.148889
0 0.939375 0.877778 0.038750 0.151111
0 0.685625 0.734444 0.033750 0.117778
0 0.719375 0.736667 0.028750 0.117778
0 0.930625 0.704444 0.041250 0.080000
0 0.777500 0.678889 0.027500 0.077778
0 0.658125 0.677778 0.018750 0.097778
0 0.711250 0.655556 0.020000 0.075556
0 0.821875 0.662222 0.023750 0.084444
1 0.583750 0.586667 0.057500 0.088889
