0 0.770625 0.760000 0.031250 0.097778
0 0.709375 0.917778 0.031250 0.097778
0 0.606875 0.910000 0.031250 0.108889
0 0.724375 0.751111 0.031250 0.097778
0 0.680625 0.788889 0.031250 0.097778
0 0.641875 0.706667 0.031250 0.097778
0 0.609375 0.744444 0.031250 0.097778
0 0.563125 0.682222 0.031250 0.097778
0 0.275625 0.580000 0.031250 0.097778
0 0.198125 0.653333 0.031250 0.097778
0 0.138125 0.653333 0.031250 0.097778
0 0.098125 0.731111 0.031250 0.097778
0 0.781875 0.906667 0.031250 0.097778
0 0.895625 0.700000 0.031250 0.097778
0 0.858125 0.748889 0.031250 0.097778
0 0.834375 0.822222 0.031250 0.097778
0 0.703125 0.671111 0.031250 0.097778
0 0.828125 0.613333 0.031250 0.097778
0 0.806875 0.686667 0.031250 0.097778
0 0.821875 0.742222 0.031250 0.097778
0 0.961875 0.840000 0.031250 0.097778
0 0.669375 0.631111 0.031250 0.097778
0 0.746875 0.675556 0.031250 0.097778
1 0.304375 0.708889 0.106250 0.186667
1 0.398750 0.590000 0.052500 0.086667
1 0.329375 0.564444 0.063750 0.106667
