0 0.588750 0.732222 0.030000 0.108889
0 0.648750 0.880000 0.032500 0.133333
0 0.688750 0.851111 0.030000 0.124444
0 0.703125 0.765556 0.026250 0.108889
0 0.818750 0.787778 0.030000 0.108889
0 0.911250 0.724444 0.025000 0.106667
0 0.881250 0.780000 0.035000 0.115556
0 0.735000 0.712222 0.027500 0.104444
0 0.824375 0.703333 0.033750 0.100000
0 0.963750 0.886667 0.032500 0.128889
0 0.913125 0.910000 0.041250 0.135556
0 0.676250 0.637778 0.020000 0.097778
0 0.770000 0.638889 0.022500 0.086667
0 0.729375 0.626667 0.026250 0.075556
0 0.815000 0.614444 0.022500 0.077778
0 0.629375 0.621111 0.021250 0.091111
0 0.236250 0.616667 0.045000 0.095556
