0 0.164375 0.787778 0.031250 0.122222
0 0.138125 0.745556 0.031250 0.122222
0 0.095625 0.754444 0.031250 0.122222
0 0.115625 0.910000 0.031250 0.122222
0 0.109375 0.818889 0.031250 0.122222
0 0.281250 0.647778 0.022500 0.077778
0 0.273750 0.590000 0.022500 0.077778
0 0.243750 0.594444 0.022500 0.077778
0 0.230000 0.674444 0.022500 0.077778
0 0.205000 0.663333 0.022500 0.077778
0 0.190000 0.643333 0.022500 0.077778
0 0.305000 0.592222 0.022500 0.077778
0 0.823750 0.663333 0.022500 0.077778
0 0.746250 0.616667 0.022500 0.077778
0 0.853750 0.607778 0.022500 0.077778
0 0.863750 0.716667 0.022500 0.077778
0 0.790000 0.627778 0.022500 0.077778
0 0.911250 0.736667 0.022500 0.077778
0 0.887500 0.774444 0.022500 0.077778
0 0.930000 0.825556 0.022500 0.077778
0 0.828750 0.741111 0.022500 0.077778
0 0.671250 0.647778 0.022500 0.077778
0 0.540000 0.776667 0.022500 0.077778
1 0.614375 0.773333 0.083750 0.151111
1 0.742500 0.752222 0.120000 0.202222
1 0.383125 0.670000 0.071250 0.171111
1 0.257500 0.766667 0.102500 0.146667
2 0.641875 0.636667 0.018750 0.100000
