0 0.103750 0.654444 0.025000 0.091111
0 0.136250 0.662222 0.025000 0.106667
0 0.187500 0.676667 0.020000 0.104444
0 0.258125 0.741111 0.026250 0.122222
0 0.286250 0.673333 0.020000 0.093333
0 0.165000 0.588889 0.020000 0.093333
0 0.206250 0.553333 0.020000 0.066667
0 0.231250 0.566667 0.022500 0.080000
0 0.264375 0.557778 0.018750 0.075556
0 0.358125 0.580000 0.018750 0.071111
0 0.418750 0.587778 0.020000 0.082222
0 0.388125 0.563333 0.021250 0.073333
0 0.614375 0.818889 0.036250 0.126667
0 0.663125 0.825556 0.036250 0.126667
0 0.846250 0.840000 0.030000 0.111111
0 0.645000 0.694444 0.022500 0.095556
0 0.616875 0.633333 0.023750 0.084444
0 0.675000 0.622222 0.027500 0.084444
0 0.705625 0.610000 0.021250 0.086667
0 0.870000 0.783333 0.027500 0.100000
0 0.903125 0.882222 0.043750 0.142222
0 0.972500 0.911111 0.040000 0.142222
0 0.775625 0.721111 0.028750 0.095556
0 0.798750 0.656667 0.022500 0.095556
0 0.860000 0.667778 0.030000 0.100000
0 0.752500 0.571111 0.017500 0.062222
0 0.793125 0.583333 0.023750 0.068889
1 0.320625 0.851111 0.116250 0.248889
1 0.368125 0.660000 0.066250 0.120000
1 0.561875 0.648889 0.058750 0.102222
1 0.743750 0.804444 0.102500 0.151111
