0 0.297500 0.847778 0.035000 0.144444
0 0.069375 0.774444 0.033750 0.113333
0 0.181875 0.715556 0.028750 0.106667
0 0.255000 0.670000 0.032500 0.100000
0 0.104375 0.693333 0.028750 0.102222
0 0.068125 0.685556 0.033750 0.095556
0 0.168750 0.650000 0.025000 0.100000
0 0.236875 0.594444 0.021250 0.086667
0 0.199375 0.576667 0.026250 0.091111
0 0.564375 0.723333 0.023750 0.104444
0 0.604375 0.775556 0.028750 0.115556
0 0.671875 0.891111 0.033750 0.151111
0 0.710625 0.768889 0.026250 0.120000
0 0.798750 0.783333 0.032500 0.104444
0 0.888125 0.885556 0.041250 0.135556
0 0.849375 0.762222 0.031250 0.115556
0 0.827500 0.664444 0.030000 0.088889
0 0.685625 0.694444 0.023750 0.086667
0 0.635000 0.642222 0.027500 0.088889
0 0.774375 0.658889 0.026250 0.086667
0 0.876250 0.658889 0.025000 0.095556
0 0.903125 0.693333 0.028750 0.111111
0 0.727500 0.716667 0.027500 0.095556
1 0.347500 0.596667 0.055000 0.086667
