0 0.758750 0.895556 0.032500 0.124444
0 0.185000 0.628889 0.030000 0.102222
0 0.116250 0.695556 0.030000 0.102222
0 0.712500 0.906667 0.030000 0.128889
0 0.652500 0.860000 0.030000 0.102222
0 0.610000 0.766667 0.030000 0.102222
0 0.880000 0.855556 0.030000 0.102222
0 0.803750 0.853333 0.030000 0.102222
0 0.696250 0.793333 0.030000 0.102222
0 0.845000 0.693333 0.030000 0.102222
0 0.946250 0.775556 0.030000 0.102222
0 0.175625 0.724444 0.058750 0.088889
0 0.778750 0.757778 0.030000 0.102222
0 0.552500 0.666667 0.030000 0.102222
1 0.676875 0.676667 0.061250 0.100000
