0 0.081875 0.862222 0.031250 0.124444
0 0.178125 0.732222 0.026250 0.113333
0 0.093125 0.697778 0.026250 0.106667
0 0.258750 0.732222 0.030000 0.113333
0 0.235625 0.700000 0.028750 0.115556
0 0.171875 0.604444 0.021250 0.084444
0 0.218125 0.586667 0.023750 0.080000
0 0.203750 0.563333 0.022500 0.064444
0 0.761250 0.876667 0.035000 0.113333
0 0.801250 0.858889 0.030000 0.126667
0 0.870000 0.815556 0.027500 0.115556
0 0.897500 0.766667 0.027500 0.115556
0 0.856875 0.740000 0.026250 0.106667
0 0.646875 0.664444 0.023750 0.088889
0 0.578750 0.626667 0.022500 0.097778
1 0.360625 0.675556 0.081250 0.160000
1 0.566875 0.737778 0.073750 0.133333
1 0.685625 0.800000 0.093750 0.160000
1 0.748125 0.622222 0.136250 0.262222
