0 0.166875 0.777778 0.026250 0.088889
0 0.068125 0.704444 0.026250 0.088889
0 0.090625 0.748889 0.026250 0.088889
0 0.214375 0.691111 0.026250 0.088889
0 0.264375 0.697778 0.026250 0.088889
0 0.338125 0.611111 0.026250 0.088889
0 0.143125 0.624444 0.026250 0.088889
0 0.103125 0.642222 0.026250 0.088889
0 0.163125 0.666667 0.026250 0.088889
0 0.110625 0.858889 0.031250 0.117778
0 0.183125 0.608889 0.026250 0.088889
0 0.240625 0.620000 0.026250 0.088889
0 0.606875 0.771111 0.026250 0.088889
0 0.543125 0.697778 0.026250 0.088889
0 0.640625 0.668889 0.026250 0.088889
0 0.564375 0.828889 0.026250 0.120000
0 0.654375 0.751111 0.026250 0.088889
0 0.803750 0.934444 0.027500 0.113333
0 0.564375 0.735556 0.026250 0.088889
0 0.845625 0.900000 0.026250 0.088889
0 0.820625 0.846667 0.026250 0.088889
0 0.964375 0.912222 0.036250 0.100000
0 0.881875 0.887778 0.028750 0.117778
0 0.948125 0.822222 0.026250 0.088889
0 0.868125 0.784444 0.026250 0.088889
0 0.406250 0.596667 0.027500 0.086667
0 0.263750 0.593333 0.020000 0.075556
0 0.575625 0.682222 0.026250 0.088889
1 0.723750 0.780000 0.077500 0.115556
1 0.359375 0.684444 0.066250 0.124444
1 0.688750 0.645556 0.065000 0.108889
