0 0.745625 0.681111 0.023750 0.100000
0 0.754375 0.833333 0.026250 0.102222
0 0.700625 0.698889 0.023750 0.100000
0 0.655625 0.685556 0.023750 0.100000
0 0.610625 0.678889 0.023750 0.100000
0 0.580625 0.690000 0.023750 0.100000
0 0.569375 0.792222 0.023750 0.100000
0 0.551875 0.861111 0.023750 0.100000
0 0.759375 0.734444 0.021250 0.095556
0 0.814375 0.692222 0.023750 0.100000
0 0.888125 0.725556 0.023750 0.100000
0 0.855625 0.823333 0.023750 0.100000
0 0.799375 0.850000 0.023750 0.100000
0 0.261875 0.714444 0.023750 0.100000
0 0.950000 0.782222 0.032500 0.106667
0 0.788125 0.672222 0.023750 0.100000
0 0.836875 0.652222 0.023750 0.100000
0 0.318125 0.652222 0.023750 0.100000
0 0.221875 0.838889 0.023750 0.100000
0 0.174375 0.665556 0.023750 0.100000
0 0.113125 0.674444 0.023750 0.100000
0 0.128125 0.736667 0.023750 0.100000
0 0.143125 0.841111 0.023750 0.100000
0 0.796875 0.932222 0.023750 0.100000
0 0.201875 0.574444 0.023750 0.100000
0 0.169375 0.556667 0.023750 0.100000
1 0.308750 0.910000 0.107500 0.180000
1 0.675625 0.903333 0.113750 0.171111
1 0.587500 0.543333 0.045000 0.073333
2 0.375000 0.632222 0.020000 0.095556
2 0.858750 0.630000 0.015000 0.091111
2 0.894375 0.645556 0.028750 0.060000
