0 0.845000 0.932222 0.025000 0.100000
0 0.766250 0.687778 0.025000 0.100000
0 0.711250 0.696667 0.025000 0.100000
0 0.677500 0.707778 0.025000 0.100000
0 0.705000 0.801111 0.025000 0.100000
0 0.963750 0.918889 0.025000 0.100000
0 0.713750 0.898889 0.025000 0.100000
0 0.871250 0.803333 0.025000 0.100000
0 0.410000 0.654444 0.025000 0.100000
0 0.225000 0.683333 0.025000 0.100000
0 0.093750 0.683333 0.025000 0.100000
0 0.542500 0.634444 0.025000 0.100000
0 0.113125 0.767778 0.026250 0.113333
0 0.137500 0.676667 0.025000 0.100000
0 0.176250 0.692222 0.025000 0.100000
0 0.732500 0.605556 0.022500 0.073333
0 0.240625 0.571111 0.028750 0.075556
0 0.191250 0.585556 0.025000 0.100000
0 0.896250 0.921111 0.025000 0.100000
0 0.950000 0.787778 0.045000 0.095556
0 0.902500 0.787778 0.025000 0.100000
0 0.801250 0.681111 0.025000 0.100000
0 0.658750 0.652222 0.025000 0.100000
1 0.302500 0.808889 0.110000 0.235556
1 0.619375 0.777778 0.076250 0.137778
1 0.593125 0.643333 0.061250 0.108889
