0 0.251875 0.616667 0.023750 0.082222
0 0.222500 0.572222 0.022500 0.064444
0 0.216875 0.621111 0.021250 0.064444
0 0.188125 0.572222 0.023750 0.082222
0 0.223750 0.731111 0.025000 0.075556
0 0.208750 0.815556 0.030000 0.111111
0 0.204375 0.683333 0.023750 0.082222
0 0.146875 0.692222 0.023750 0.082222
0 0.118125 0.630000 0.023750 0.082222
0 0.071875 0.663333 0.023750 0.082222
0 0.090625 0.692222 0.023750 0.082222
0 0.847500 0.620000 0.027500 0.088889
0 0.718125 0.596667 0.026250 0.082222
0 0.623750 0.624444 0.027500 0.088889
0 0.912500 0.844444 0.027500 0.088889
0 0.871250 0.880000 0.027500 0.088889
0 0.753750 0.875556 0.027500 0.088889
0 0.821250 0.886667 0.027500 0.088889
0 0.718750 0.800000 0.025000 0.097778
0 0.687500 0.822222 0.027500 0.088889
0 0.662500 0.728889 0.027500 0.088889
0 0.638750 0.666667 0.027500 0.088889
1 0.601250 0.756667 0.077500 0.153333
1 0.806250 0.697778 0.112500 0.177778
1 0.051875 0.876667 0.101250 0.246667
