0 0.821875 0.937778 0.031250 0.097778
0 0.881875 0.928889 0.031250 0.097778
0 0.969375 0.911111 0.031250 0.097778
0 0.805000 0.767778 0.025000 0.091111
0 0.738125 0.893333 0.031250 0.097778
0 0.695625 0.833333 0.031250 0.097778
0 0.649375 0.866667 0.031250 0.097778
0 0.604375 0.813333 0.031250 0.097778
0 0.551875 0.806667 0.031250 0.097778
0 0.069375 0.740000 0.031250 0.097778
0 0.133125 0.733333 0.031250 0.097778
0 0.184375 0.602222 0.031250 0.097778
0 0.230625 0.640000 0.031250 0.097778
0 0.699375 0.702222 0.031250 0.097778
0 0.589375 0.686667 0.031250 0.097778
0 0.669375 0.731111 0.031250 0.097778
0 0.866875 0.666667 0.031250 0.097778
0 0.743125 0.695556 0.031250 0.097778
0 0.917500 0.763333 0.025000 0.091111
0 0.750000 0.816667 0.025000 0.091111
0 0.627500 0.690000 0.025000 0.091111
0 0.900000 0.824444 0.030000 0.111111
0 0.865000 0.831111 0.030000 0.111111
0 0.836250 0.711111 0.030000 0.111111
0 0.795000 0.690000 0.027500 0.082222
1 0.385625 0.636667 0.058750 0.108889
1 0.264375 0.785556 0.123750 0.211111
1 0.306875 0.600000 0.071250 0.120000
