0 0.116250 0.711111 0.030000 0.097778
0 0.576250 0.801111 0.030000 0.126667
0 0.763750 0.806667 0.032500 0.102222
0 0.826875 0.761111 0.031250 0.091111
0 0.687500 0.677778 0.025000 0.093333
0 0.723125 0.686667 0.026250 0.102222
0 0.755000 0.674444 0.022500 0.086667
0 0.801250 0.666667 0.022500 0.084444
0 0.891875 0.741111 0.026250 0.108889
0 0.651250 0.607778 0.025000 0.086667
0 0.812500 0.907778 0.035000 0.135556
2 0.509375 0.598889 0.018750 0.073333
1 0.586250 0.583333 0.065000 0.144444
1 0.649375 0.544444 0.046250 0.062222
