0 0.630000 0.745556 0.032500 0.095556
0 0.696875 0.825556 0.028750 0.108889
0 0.577500 0.688889 0.030000 0.084444
0 0.713750 0.704444 0.030000 0.124444
0 0.750000 0.798889 0.025000 0.091111
0 0.751250 0.915556 0.037500 0.133333
0 0.814375 0.906667 0.033750 0.115556
0 0.838125 0.820000 0.028750 0.111111
0 0.869375 0.802222 0.033750 0.102222
0 0.795625 0.750000 0.031250 0.104444
0 0.819375 0.692222 0.026250 0.100000
0 0.922500 0.717778 0.025000 0.106667
0 0.633750 0.672222 0.020000 0.077778
0 0.658125 0.650000 0.018750 0.091111
0 0.739375 0.625556 0.023750 0.077778
1 0.578125 0.584444 0.051250 0.115556
