0 0.612500 0.881111 0.027500 0.113333
0 0.837500 0.763333 0.027500 0.113333
0 0.888750 0.781111 0.027500 0.113333
0 0.865000 0.878889 0.027500 0.113333
0 0.820000 0.823333 0.027500 0.113333
0 0.795000 0.863333 0.027500 0.113333
0 0.601250 0.774444 0.027500 0.113333
0 0.657500 0.698889 0.027500 0.113333
0 0.876250 0.667778 0.027500 0.113333
0 0.797500 0.738889 0.027500 0.113333
0 0.685000 0.650000 0.027500 0.113333
0 0.815000 0.592222 0.027500 0.113333
0 0.763750 0.934444 0.027500 0.113333
1 0.610625 0.578889 0.053750 0.122222
2 0.876875 0.572222 0.013750 0.073333
2 0.893125 0.572222 0.013750 0.068889
