0 0.049375 0.905556 0.041250 0.157778
0 0.128125 0.913333 0.046250 0.173333
0 0.093125 0.794444 0.031250 0.131111
0 0.051250 0.748889 0.017500 0.128889
0 0.153750 0.754444 0.027500 0.113333
0 0.249375 0.845556 0.036250 0.135556
0 0.256250 0.728889 0.037500 0.111111
0 0.157500 0.650000 0.035000 0.100000
0 0.100625 0.653333 0.031250 0.093333
0 0.266250 0.611111 0.030000 0.093333
0 0.621250 0.744444 0.027500 0.102222
0 0.570000 0.655556 0.020000 0.088889
0 0.858125 0.672222 0.043750 0.091111
0 0.759375 0.624444 0.026250 0.093333
0 0.790000 0.558889 0.015000 0.086667
0 0.680000 0.583333 0.020000 0.073333
0 0.722500 0.602222 0.025000 0.066667
0 0.708750 0.708889 0.045000 0.097778
0 0.186250 0.587778 0.032500 0.086667
1 0.385625 0.662222 0.073750 0.155556
1 0.748750 0.851111 0.120000 0.182222
1 0.613125 0.935556 0.106250 0.120000
1 0.611875 0.596667 0.066250 0.108889
1 0.435625 0.524444 0.043750 0.080000
