0 0.103125 0.857778 0.038750 0.128889
0 0.030000 0.772222 0.042500 0.108889
0 0.080000 0.785556 0.040000 0.126667
0 0.159375 0.663333 0.033750 0.113333
0 0.198750 0.662222 0.027500 0.120000
0 0.078125 0.694444 0.038750 0.108889
0 0.261875 0.582222 0.028750 0.102222
0 0.208750 0.563333 0.027500 0.082222
0 0.296875 0.568889 0.023750 0.084444
0 0.333750 0.552222 0.025000 0.068889
0 0.690000 0.931111 0.055000 0.137778
0 0.789375 0.810000 0.033750 0.122222
0 0.851875 0.836667 0.043750 0.144444
0 0.913125 0.713333 0.048750 0.115556
0 0.958125 0.790000 0.046250 0.122222
0 0.782500 0.724444 0.040000 0.080000
0 0.813750 0.688889 0.032500 0.102222
0 0.781250 0.684444 0.040000 0.088889
0 0.723750 0.623333 0.030000 0.082222
0 0.771875 0.616667 0.026250 0.068889
0 0.810000 0.615556 0.027500 0.075556
1 0.209375 0.834444 0.118750 0.193333
1 0.349375 0.684444 0.061250 0.133333
1 0.663750 0.732222 0.097500 0.162222
1 0.646250 0.610000 0.072500 0.073333
