0 0.965625 0.924444 0.031250 0.120000
0 0.808125 0.837778 0.031250 0.120000
0 0.818125 0.931111 0.031250 0.120000
0 0.918125 0.877778 0.031250 0.120000
0 0.875625 0.920000 0.031250 0.120000
0 0.738125 0.735556 0.031250 0.120000
0 0.684375 0.735556 0.031250 0.120000
0 0.623125 0.771111 0.031250 0.120000
0 0.910625 0.746667 0.031250 0.120000
0 0.869375 0.804444 0.031250 0.120000
0 0.783125 0.728889 0.031250 0.120000
0 0.034375 0.826667 0.031250 0.120000
0 0.598750 0.671111 0.022500 0.093333
0 0.550000 0.651111 0.022500 0.093333
0 0.718750 0.666667 0.022500 0.093333
0 0.652500 0.671111 0.022500 0.093333
0 0.745625 0.658889 0.018750 0.082222
0 0.105000 0.903333 0.042500 0.162222
1 0.818750 0.662222 0.095000 0.088889
2 0.148750 0.680000 0.025000 0.097778
