0 0.179375 0.811111 0.031250 0.128889
0 0.236875 0.792222 0.031250 0.126667
0 0.240000 0.694444 0.027500 0.086667
0 0.333750 0.628889 0.022500 0.093333
0 0.262500 0.611111 0.022500 0.080000
0 0.543750 0.888889 0.027500 0.128889
0 0.631875 0.737778 0.026250 0.106667
0 0.759375 0.778889 0.028750 0.117778
0 0.806875 0.844444 0.033750 0.124444
0 0.856250 0.826667 0.030000 0.106667
0 0.815625 0.734444 0.028750 0.095556
0 0.778125 0.681111 0.021250 0.100000
0 0.713125 0.664444 0.021250 0.088889
0 0.709375 0.608889 0.021250 0.066667
0 0.675000 0.571111 0.022500 0.080000
0 0.751875 0.533333 0.018750 0.071111
1 0.571875 0.760000 0.078750 0.128889
1 0.245625 0.933333 0.118750 0.133333
1 0.665625 0.678889 0.071250 0.126667
