0 0.685625 0.672222 0.026250 0.095556
0 0.578125 0.685556 0.026250 0.095556
0 0.615625 0.707778 0.026250 0.095556
0 0.561875 0.845556 0.026250 0.095556
0 0.356250 0.605556 0.030000 0.086667
0 0.033125 0.756667 0.026250 0.095556
0 0.076875 0.783333 0.026250 0.095556
0 0.160625 0.601111 0.026250 0.095556
0 0.175625 0.650000 0.026250 0.095556
0 0.265625 0.594444 0.026250 0.095556
0 0.214375 0.605556 0.026250 0.095556
0 0.903125 0.666667 0.023750 0.097778
0 0.845625 0.652222 0.026250 0.095556
0 0.818125 0.654444 0.026250 0.095556
0 0.760625 0.670000 0.026250 0.095556
0 0.743125 0.681111 0.026250 0.095556
0 0.871875 0.758889 0.026250 0.095556
0 0.851875 0.818889 0.026250 0.095556
0 0.805625 0.807778 0.026250 0.095556
0 0.820625 0.914444 0.026250 0.095556
0 0.879375 0.918889 0.026250 0.095556
0 0.024375 0.878889 0.033750 0.131111
0 0.630625 0.643333 0.026250 0.095556
0 0.791875 0.647778 0.026250 0.095556
0 0.289375 0.921111 0.033750 0.131111
0 0.921875 0.743333 0.026250 0.095556
0 0.935625 0.836667 0.026250 0.095556
0 0.921875 0.898889 0.026250 0.095556
1 0.371875 0.744444 0.088750 0.186667
1 0.736250 0.860000 0.135000 0.253333
