0 0.621250 0.656667 0.027500 0.104444
0 0.023125 0.858889 0.033750 0.131111
0 0.332500 0.685556 0.027500 0.104444
0 0.393750 0.634444 0.027500 0.104444
0 0.270000 0.610000 0.027500 0.104444
0 0.210000 0.661111 0.027500 0.104444
0 0.152500 0.734444 0.027500 0.104444
0 0.896250 0.730000 0.027500 0.104444
0 0.848750 0.734444 0.027500 0.104444
0 0.788750 0.738889 0.027500 0.104444
0 0.742500 0.683333 0.027500 0.104444
0 0.653750 0.647778 0.027500 0.104444
0 0.965000 0.792222 0.027500 0.104444
0 0.918750 0.825556 0.027500 0.104444
0 0.926250 0.710000 0.027500 0.104444
0 0.962500 0.705556 0.025000 0.073333
1 0.708125 0.815556 0.086250 0.151111
1 0.239375 0.886667 0.131250 0.217778
1 0.759375 0.562222 0.111250 0.146667
1 0.604375 0.570000 0.048750 0.073333
2 0.330000 0.604444 0.017500 0.057778
2 0.316875 0.596667 0.016250 0.055556
