0 0.685000 0.877778 0.032500 0.128889
0 0.718125 0.851111 0.038750 0.133333
0 0.776875 0.805556 0.028750 0.131111
0 0.791875 0.751111 0.026250 0.097778
0 0.808125 0.910000 0.038750 0.117778
0 0.840000 0.786667 0.027500 0.111111
0 0.793125 0.663333 0.018750 0.082222
0 0.619375 0.702222 0.028750 0.120000
0 0.593125 0.631111 0.021250 0.084444
0 0.642500 0.604444 0.020000 0.071111
0 0.706875 0.625556 0.021250 0.086667
0 0.757500 0.638889 0.022500 0.077778
0 0.910000 0.924444 0.047500 0.106667
1 0.692500 0.725556 0.080000 0.117778
