0 0.363125 0.760000 0.028750 0.111111
0 0.361875 0.674444 0.023750 0.095556
0 0.218125 0.645556 0.023750 0.091111
0 0.198125 0.628889 0.018750 0.097778
0 0.283750 0.694444 0.017500 0.100000
0 0.639375 0.793333 0.028750 0.120000
0 0.600625 0.724444 0.028750 0.106667
0 0.706250 0.891111 0.027500 0.146667
0 0.763125 0.810000 0.028750 0.131111
0 0.930000 0.850000 0.027500 0.126667
0 0.805000 0.905556 0.030000 0.126667
0 0.794375 0.786667 0.028750 0.111111
0 0.779375 0.700000 0.031250 0.088889
0 0.597500 0.655556 0.022500 0.093333
1 0.260625 0.851111 0.113750 0.235556
1 0.158750 0.806667 0.100000 0.182222
1 0.691250 0.651111 0.092500 0.204444
