0 0.085000 0.886667 0.037500 0.115556
0 0.115000 0.782222 0.055000 0.120000
0 0.190625 0.807778 0.038750 0.126667
0 0.265000 0.812222 0.042500 0.131111
0 0.201250 0.702222 0.027500 0.097778
0 0.179375 0.635556 0.018750 0.084444
0 0.160000 0.601111 0.025000 0.100000
0 0.261875 0.574444 0.023750 0.086667
0 0.224375 0.556667 0.018750 0.082222
0 0.207500 0.591111 0.027500 0.084444
0 0.826250 0.835556 0.040000 0.128889
0 0.871875 0.790000 0.038750 0.126667
0 0.938750 0.735556 0.037500 0.115556
0 0.861250 0.664444 0.042500 0.088889
0 0.752500 0.675556 0.030000 0.102222
0 0.805000 0.680000 0.027500 0.093333
0 0.716250 0.600000 0.022500 0.075556
0 0.573750 0.631111 0.037500 0.111111
0 0.762500 0.604444 0.030000 0.066667
1 0.701250 0.866667 0.130000 0.231111
1 0.666875 0.671111 0.076250 0.124444
1 0.356250 0.576667 0.047500 0.091111
1 0.279375 0.686667 0.076250 0.111111
2 0.859375 0.570000 0.016250 0.082222
