0 0.237500 0.622222 0.020000 0.071111
0 0.541875 0.753333 0.018750 0.080000
0 0.161250 0.593333 0.025000 0.093333
0 0.198750 0.617778 0.025000 0.093333
0 0.216250 0.680000 0.025000 0.093333
0 0.156250 0.728889 0.025000 0.093333
0 0.096250 0.728889 0.025000 0.093333
0 0.848750 0.808889 0.025000 0.093333
0 0.653750 0.742222 0.025000 0.093333
0 0.557500 0.685556 0.025000 0.104444
0 0.698750 0.751111 0.025000 0.093333
0 0.593750 0.697778 0.025000 0.093333
0 0.765000 0.844444 0.025000 0.093333
0 0.648750 0.862222 0.025000 0.093333
0 0.723750 0.901111 0.030000 0.117778
0 0.580000 0.808889 0.025000 0.093333
0 0.908750 0.862222 0.025000 0.093333
0 0.753750 0.651111 0.025000 0.093333
0 0.728750 0.700000 0.025000 0.093333
0 0.632500 0.671111 0.025000 0.093333
0 0.785000 0.744444 0.025000 0.093333
0 0.806250 0.831111 0.025000 0.093333
0 0.820000 0.920000 0.027500 0.102222
0 0.868750 0.890000 0.030000 0.117778
1 0.344375 0.801111 0.101250 0.175556
1 0.291875 0.641111 0.091250 0.153333
1 0.078750 0.892222 0.155000 0.215556
1 0.396250 0.611111 0.052500 0.102222
1 0.650625 0.544444 0.061250 0.111111
1 0.594375 0.614444 0.048750 0.086667
1 0.828750 0.581111 0.165000 0.175556
