0 0.177500 0.852222 0.032500 0.122222
0 0.038125 0.860000 0.046250 0.124444
0 0.148125 0.776667 0.031250 0.113333
0 0.230625 0.705556 0.023750 0.095556
0 0.173125 0.690000 0.033750 0.095556
0 0.118125 0.697778 0.028750 0.102222
0 0.088125 0.695556 0.028750 0.106667
0 0.135000 0.616667 0.022500 0.073333
0 0.180625 0.615556 0.021250 0.066667
0 0.214375 0.640000 0.023750 0.102222
0 0.265625 0.627778 0.023750 0.086667
0 0.645000 0.736667 0.032500 0.100000
0 0.690625 0.818889 0.031250 0.131111
0 0.786250 0.784444 0.027500 0.120000
0 0.765625 0.712222 0.031250 0.104444
0 0.817500 0.705556 0.037500 0.100000
0 0.876875 0.708889 0.038750 0.106667
0 0.878125 0.876667 0.038750 0.122222
0 0.770000 0.637778 0.027500 0.084444
0 0.895625 0.621111 0.031250 0.091111
0 0.675625 0.592222 0.021250 0.077778
0 0.715625 0.590000 0.016250 0.073333
1 0.580625 0.763333 0.076250 0.135556
1 0.696875 0.705556 0.068750 0.095556
