0 0.668750 0.838889 0.025000 0.131111
0 0.693750 0.792222 0.025000 0.117778
0 0.792500 0.858889 0.035000 0.108889
0 0.871875 0.862222 0.041250 0.097778
0 0.957500 0.898889 0.045000 0.140000
0 0.766250 0.763333 0.017500 0.100000
0 0.818750 0.756667 0.030000 0.113333
0 0.815000 0.661111 0.025000 0.073333
0 0.778750 0.716667 0.025000 0.091111
0 0.788750 0.634444 0.025000 0.060000
0 0.614375 0.681111 0.023750 0.091111
0 0.700000 0.614444 0.025000 0.077778
0 0.591875 0.612222 0.016250 0.077778
0 0.751875 0.621111 0.021250 0.077778
0 0.257500 0.632222 0.032500 0.082222
0 0.236250 0.562222 0.022500 0.071111
0 0.265000 0.565556 0.020000 0.073333
0 0.313125 0.578889 0.026250 0.082222
0 0.919375 0.764444 0.051250 0.093333
1 0.682500 0.695556 0.072500 0.102222
1 0.594375 0.897778 0.096250 0.182222
