0 0.105000 0.703333 0.025000 0.100000
0 0.266250 0.657778 0.017500 0.097778
0 0.308125 0.628889 0.018750 0.080000
0 0.545625 0.931111 0.031250 0.133333
0 0.640625 0.831111 0.033750 0.120000
0 0.863750 0.866667 0.030000 0.128889
0 0.800000 0.760000 0.025000 0.111111
0 0.751250 0.748889 0.027500 0.106667
0 0.746250 0.675556 0.020000 0.088889
0 0.648125 0.596667 0.023750 0.091111
0 0.689375 0.608889 0.018750 0.088889
0 0.777500 0.574444 0.030000 0.068889
1 0.570000 0.775556 0.080000 0.151111
1 0.689375 0.764444 0.088750 0.142222
1 0.328750 0.733333 0.085000 0.146667
