0 0.290000 0.750000 0.035000 0.126667
0 0.178750 0.727778 0.032500 0.122222
0 0.064375 0.800000 0.038750 0.128889
0 0.116875 0.777778 0.038750 0.128889
0 0.128750 0.632222 0.032500 0.100000
0 0.313750 0.601111 0.032500 0.100000
0 0.157500 0.663333 0.032500 0.100000
0 0.252500 0.627778 0.032500 0.100000
0 0.207500 0.601111 0.030000 0.073333
0 0.076250 0.696667 0.032500 0.100000
0 0.213750 0.674444 0.032500 0.100000
0 0.552500 0.808889 0.030000 0.120000
0 0.623750 0.890000 0.035000 0.126667
0 0.589375 0.741111 0.031250 0.086667
0 0.562500 0.935556 0.030000 0.120000
0 0.666250 0.824444 0.030000 0.120000
0 0.652500 0.713333 0.030000 0.120000
0 0.885000 0.726667 0.030000 0.120000
0 0.840000 0.895556 0.030000 0.120000
0 0.790000 0.757778 0.030000 0.120000
0 0.926250 0.768889 0.030000 0.120000
0 0.923750 0.884444 0.030000 0.120000
0 0.823125 0.782222 0.026250 0.093333
0 0.540625 0.720000 0.026250 0.093333
1 0.738750 0.826667 0.092500 0.146667
2 0.428125 0.726667 0.021250 0.102222
