0 0.239375 0.584444 0.018750 0.084444
0 0.195000 0.546667 0.017500 0.080000
0 0.286875 0.555556 0.018750 0.066667
0 0.177500 0.764444 0.032500 0.133333
0 0.564375 0.745556 0.023750 0.095556
0 0.555625 0.676667 0.018750 0.091111
0 0.623750 0.798889 0.032500 0.122222
0 0.764375 0.854444 0.023750 0.113333
0 0.878750 0.884444 0.027500 0.142222
0 0.951250 0.931111 0.045000 0.137778
0 0.820000 0.758889 0.030000 0.117778
0 0.852500 0.718889 0.025000 0.100000
0 0.715000 0.678889 0.022500 0.086667
0 0.788750 0.644444 0.020000 0.075556
0 0.830000 0.604444 0.025000 0.084444
0 0.733125 0.605556 0.018750 0.068889
