0 0.228750 0.724444 0.025000 0.120000
0 0.570625 0.781111 0.018750 0.100000
0 0.632500 0.838889 0.032500 0.117778
0 0.776250 0.912222 0.037500 0.126667
0 0.840000 0.791111 0.030000 0.120000
0 0.868125 0.745556 0.036250 0.113333
0 0.560000 0.691111 0.022500 0.088889
0 0.722500 0.703333 0.025000 0.086667
0 0.800625 0.665556 0.018750 0.086667
0 0.570625 0.646667 0.021250 0.084444
0 0.547500 0.603333 0.025000 0.077778
0 0.739375 0.621111 0.018750 0.077778
0 0.763125 0.605556 0.016250 0.064444
0 0.826250 0.597778 0.020000 0.088889
