0 0.740625 0.670000 0.028750 0.086667
0 0.701875 0.637778 0.018750 0.084444
0 0.820625 0.634444 0.028750 0.086667
0 0.780625 0.685556 0.028750 0.086667
0 0.805625 0.707778 0.028750 0.086667
0 0.775625 0.887778 0.028750 0.086667
0 0.806875 0.778889 0.028750 0.086667
0 0.731875 0.847778 0.028750 0.086667
0 0.545625 0.861111 0.028750 0.086667
0 0.526250 0.757778 0.035000 0.102222
0 0.655625 0.676667 0.028750 0.086667
0 0.200625 0.663333 0.028750 0.086667
0 0.602500 0.614444 0.022500 0.064444
0 0.874375 0.805556 0.028750 0.086667
0 0.974375 0.924444 0.038750 0.124444
0 0.903125 0.916667 0.028750 0.086667
0 0.865000 0.923333 0.030000 0.108889
0 0.189375 0.623333 0.028750 0.086667
0 0.238125 0.741111 0.028750 0.086667
0 0.235625 0.632222 0.028750 0.086667
0 0.136875 0.634444 0.028750 0.086667
1 0.371875 0.601111 0.058750 0.117778
1 0.300625 0.613333 0.056250 0.102222
1 0.118750 0.791111 0.122500 0.164444
1 0.638750 0.905556 0.102500 0.184444
1 0.596250 0.718889 0.072500 0.135556
2 0.853750 0.643333 0.025000 0.086667
