0 0.230000 0.673333 0.022500 0.093333
0 0.110000 0.662222 0.022500 0.093333
0 0.150000 0.660000 0.022500 0.093333
0 0.057500 0.826667 0.022500 0.093333
0 0.092500 0.857778 0.022500 0.093333
0 0.181250 0.784444 0.022500 0.093333
0 0.202500 0.873333 0.022500 0.093333
0 0.250000 0.720000 0.022500 0.093333
0 0.247500 0.715556 0.022500 0.093333
0 0.672500 0.711111 0.022500 0.093333
0 0.258750 0.611111 0.022500 0.093333
0 0.185000 0.615556 0.022500 0.093333
0 0.216250 0.640000 0.022500 0.093333
0 0.956250 0.857778 0.027500 0.102222
0 0.913125 0.852222 0.028750 0.095556
0 0.940000 0.713333 0.022500 0.093333
0 0.863750 0.733333 0.022500 0.093333
0 0.826250 0.740000 0.022500 0.093333
0 0.806250 0.684444 0.022500 0.093333
0 0.763750 0.666667 0.022500 0.093333
0 0.736250 0.660000 0.022500 0.093333
0 0.533750 0.606667 0.022500 0.093333
0 0.977500 0.815556 0.027500 0.102222
0 0.660000 0.615556 0.022500 0.093333
0 0.888750 0.715556 0.022500 0.093333
1 0.623125 0.837778 0.098750 0.182222
1 0.324375 0.870000 0.121250 0.233333
1 0.318750 0.633333 0.070000 0.106667
1 0.411875 0.578889 0.058750 0.117778
1 0.601250 0.645556 0.057500 0.095556
1 0.766250 0.834444 0.145000 0.242222
2 0.701875 0.638889 0.021250 0.095556
