0 0.126875 0.596667 0.026250 0.095556
0 0.689375 0.856667 0.031250 0.126667
0 0.623125 0.767778 0.026250 0.095556
0 0.553125 0.685556 0.026250 0.095556
0 0.825625 0.630000 0.026250 0.095556
0 0.775625 0.776667 0.026250 0.095556
0 0.932500 0.785556 0.027500 0.104444
0 0.816250 0.897778 0.030000 0.133333
0 0.771875 0.941111 0.026250 0.095556
0 0.791875 0.658889 0.026250 0.095556
0 0.971250 0.892222 0.040000 0.144444
0 0.889375 0.932222 0.033750 0.135556
1 0.586250 0.907778 0.100000 0.166667
1 0.861875 0.780000 0.103750 0.155556
