0 0.828750 0.837778 0.025000 0.093333
0 0.575000 0.788889 0.025000 0.093333
0 0.548750 0.844444 0.025000 0.093333
0 0.533750 0.704444 0.025000 0.093333
0 0.266250 0.620000 0.025000 0.093333
0 0.210625 0.606667 0.023750 0.088889
0 0.228750 0.617778 0.017500 0.080000
0 0.168750 0.637778 0.025000 0.093333
0 0.082500 0.735556 0.025000 0.093333
0 0.022500 0.782222 0.025000 0.093333
0 0.718750 0.828889 0.025000 0.093333
0 0.592500 0.953333 0.025000 0.093333
0 0.673750 0.855556 0.025000 0.093333
0 0.661250 0.688889 0.025000 0.093333
0 0.613750 0.775556 0.025000 0.093333
0 0.850000 0.927778 0.025000 0.091111
0 0.905000 0.906667 0.025000 0.093333
0 0.807500 0.940000 0.025000 0.093333
0 0.757500 0.937778 0.025000 0.093333
0 0.785000 0.713333 0.025000 0.093333
0 0.755000 0.762222 0.025000 0.093333
0 0.682500 0.768889 0.025000 0.093333
0 0.729375 0.680000 0.021250 0.084444
0 0.721250 0.748889 0.025000 0.093333
0 0.759375 0.666667 0.021250 0.084444
1 0.600000 0.651111 0.067500 0.088889
1 0.376250 0.684444 0.077500 0.137778
1 0.178750 0.751111 0.097500 0.195556
1 0.663750 0.576667 0.065000 0.113333
1 0.287500 0.923333 0.122500 0.148889
1 0.329375 0.576667 0.071250 0.126667
