0 0.851250 0.788889 0.030000 0.106667
0 0.787500 0.782222 0.030000 0.106667
0 0.702500 0.931111 0.030000 0.106667
0 0.633750 0.757778 0.030000 0.106667
0 0.585625 0.703333 0.028750 0.095556
0 0.126250 0.668889 0.030000 0.106667
0 0.191250 0.677778 0.030000 0.106667
0 0.356875 0.645556 0.021250 0.104444
0 0.294375 0.655556 0.023750 0.102222
0 0.943750 0.780000 0.030000 0.106667
0 0.923750 0.888889 0.030000 0.106667
0 0.865000 0.895556 0.030000 0.106667
0 0.205000 0.808889 0.037500 0.124444
0 0.111875 0.806667 0.036250 0.133333
0 0.890000 0.706667 0.030000 0.106667
2 0.175625 0.606667 0.021250 0.084444
1 0.662500 0.673333 0.070000 0.106667
1 0.766875 0.662222 0.088750 0.124444
