0 0.103125 0.772222 0.033750 0.140000
0 0.110625 0.895556 0.028750 0.146667
0 0.226875 0.864444 0.028750 0.155556
0 0.203750 0.814444 0.025000 0.117778
0 0.645000 0.785556 0.030000 0.131111
0 0.712500 0.791111 0.032500 0.124444
0 0.798750 0.760000 0.030000 0.111111
0 0.881875 0.772222 0.033750 0.117778
0 0.733750 0.723333 0.027500 0.104444
0 0.555625 0.670000 0.023750 0.122222
0 0.607500 0.651111 0.022500 0.111111
0 0.646250 0.678889 0.020000 0.082222
0 0.816875 0.702222 0.026250 0.115556
0 0.833125 0.924444 0.038750 0.124444
0 0.946875 0.874444 0.036250 0.131111
0 0.715000 0.654444 0.030000 0.091111
0 0.748125 0.642222 0.023750 0.088889
0 0.795000 0.638889 0.022500 0.082222
1 0.541250 0.564444 0.060000 0.066667
1 0.653125 0.554444 0.048750 0.051111
0 0.669375 0.606667 0.016250 0.066667
