0 0.575000 0.900000 0.037500 0.137778
0 0.654375 0.772222 0.038750 0.117778
0 0.580000 0.692222 0.025000 0.100000
0 0.714375 0.751111 0.031250 0.115556
0 0.764375 0.800000 0.031250 0.106667
0 0.829375 0.814444 0.028750 0.117778
0 0.881875 0.733333 0.031250 0.102222
0 0.775625 0.712222 0.033750 0.086667
0 0.817500 0.712222 0.030000 0.086667
0 0.721250 0.667778 0.020000 0.051111
0 0.816250 0.660000 0.035000 0.062222
0 0.902500 0.691111 0.032500 0.084444
2 0.578125 0.606667 0.021250 0.057778
1 0.650000 0.634444 0.070000 0.126667
1 0.136875 0.704444 0.116250 0.177778
