0 0.205000 0.618889 0.032500 0.108889
0 0.667500 0.890000 0.032500 0.108889
0 0.805000 0.847778 0.032500 0.108889
0 0.765000 0.736667 0.032500 0.108889
0 0.701250 0.758889 0.032500 0.108889
0 0.650000 0.783333 0.032500 0.108889
0 0.650000 0.676667 0.032500 0.108889
0 0.607500 0.665556 0.032500 0.108889
0 0.563750 0.665556 0.032500 0.108889
0 0.160000 0.687778 0.032500 0.108889
0 0.107500 0.687778 0.032500 0.108889
0 0.861250 0.770000 0.032500 0.108889
0 0.910000 0.770000 0.032500 0.108889
0 0.892500 0.896667 0.032500 0.108889
0 0.828750 0.770000 0.032500 0.108889
0 0.867500 0.687778 0.032500 0.108889
0 0.932500 0.687778 0.032500 0.108889
1 0.357500 0.755556 0.092500 0.217778
1 0.279375 0.695556 0.111250 0.222222
1 0.697500 0.650000 0.070000 0.113333
