0 0.570625 0.822222 0.036250 0.128889
0 0.646250 0.726667 0.032500 0.097778
0 0.571250 0.667778 0.025000 0.104444
0 0.783750 0.893333 0.040000 0.124444
0 0.811250 0.774444 0.032500 0.117778
0 0.702500 0.724444 0.025000 0.106667
0 0.751875 0.772222 0.021250 0.108889
0 0.865000 0.706667 0.025000 0.093333
0 0.734375 0.704444 0.021250 0.080000
0 0.763750 0.690000 0.020000 0.082222
0 0.806250 0.686667 0.030000 0.088889
1 0.646250 0.613333 0.067500 0.111111
1 0.113125 0.731111 0.133750 0.191111
2 0.588750 0.623333 0.017500 0.086667
