0 0.280000 0.895556 0.045000 0.155556
0 0.093750 0.824444 0.040000 0.102222
0 0.113125 0.750000 0.028750 0.082222
0 0.155000 0.736667 0.027500 0.064444
0 0.142500 0.793333 0.027500 0.066667
0 0.034375 0.854444 0.026250 0.068889
0 0.195000 0.668889 0.017500 0.097778
0 0.219375 0.623333 0.028750 0.091111
0 0.258125 0.608889 0.028750 0.084444
0 0.116875 0.658889 0.026250 0.073333
0 0.288125 0.607778 0.023750 0.068889
0 0.578125 0.898889 0.048750 0.131111
0 0.721875 0.925556 0.046250 0.144444
0 0.618125 0.860000 0.043750 0.133333
0 0.648750 0.776667 0.037500 0.108889
0 0.556875 0.768889 0.046250 0.120000
0 0.552500 0.670000 0.047500 0.091111
0 0.801875 0.903333 0.048750 0.126667
0 0.861875 0.886667 0.048750 0.128889
0 0.813750 0.791111 0.035000 0.102222
0 0.788750 0.712222 0.030000 0.100000
0 0.681250 0.721111 0.030000 0.104444
0 0.832500 0.716667 0.030000 0.091111
0 0.874375 0.751111 0.036250 0.084444
0 0.927500 0.821111 0.032500 0.126667
1 0.395625 0.651111 0.053750 0.120000
1 0.615625 0.606667 0.061250 0.160000
1 0.716250 0.660000 0.072500 0.111111
1 0.305000 0.710000 0.070000 0.171111
1 0.170000 0.895556 0.137500 0.208889
