0 0.203125 0.901111 0.043750 0.148889
0 0.216250 0.740000 0.040000 0.115556
0 0.253750 0.754444 0.030000 0.122222
0 0.283750 0.725556 0.032500 0.122222
0 0.165000 0.662222 0.030000 0.102222
0 0.243125 0.638889 0.036250 0.091111
0 0.630625 0.904444 0.036250 0.142222
0 0.780625 0.822222 0.028750 0.106667
0 0.851875 0.747778 0.028750 0.113333
0 0.900000 0.806667 0.040000 0.124444
0 0.871875 0.860000 0.043750 0.093333
0 0.953750 0.857778 0.040000 0.120000
0 0.808750 0.751111 0.040000 0.106667
0 0.856250 0.644444 0.040000 0.093333
1 0.693125 0.693333 0.111250 0.244444
1 0.381875 0.700000 0.068750 0.128889
1 0.085000 0.831111 0.167500 0.231111
1 0.418750 0.516667 0.037500 0.077778
1 0.606250 0.495556 0.042500 0.093333
1 0.307500 0.586667 0.065000 0.080000
2 0.140625 0.620000 0.016250 0.088889
