0 0.608750 0.940000 0.017500 0.111111
0 0.730625 0.887778 0.031250 0.113333
0 0.682500 0.853333 0.027500 0.133333
0 0.650625 0.904444 0.023750 0.102222
0 0.822500 0.795556 0.030000 0.128889
0 0.886250 0.813333 0.030000 0.128889
0 0.038750 0.833333 0.030000 0.128889
0 0.964375 0.903333 0.033750 0.140000
0 0.713750 0.647778 0.020000 0.077778
0 0.741875 0.615556 0.021250 0.075556
0 0.770625 0.745556 0.031250 0.113333
0 0.810000 0.683333 0.025000 0.091111
0 0.840000 0.681111 0.025000 0.091111
0 0.688125 0.622222 0.021250 0.075556
0 0.168125 0.631111 0.021250 0.075556
0 0.659375 0.600000 0.021250 0.075556
0 0.333125 0.580000 0.021250 0.075556
0 0.170625 0.573333 0.021250 0.075556
1 0.298125 0.892222 0.128750 0.215556
1 0.168750 0.720000 0.102500 0.142222
1 0.690000 0.733333 0.095000 0.106667
1 0.590625 0.816667 0.076250 0.126667
2 0.868750 0.655556 0.012500 0.084444
