0 0.111875 0.642222 0.026250 0.106667
0 0.063750 0.720000 0.045000 0.088889
0 0.154375 0.916667 0.051250 0.153333
0 0.244375 0.785556 0.033750 0.140000
0 0.175000 0.672222 0.022500 0.091111
0 0.267500 0.724444 0.030000 0.102222
0 0.154375 0.642222 0.021250 0.093333
0 0.252500 0.641111 0.025000 0.086667
0 0.223125 0.616667 0.023750 0.077778
0 0.745000 0.857778 0.037500 0.115556
0 0.906875 0.677778 0.046250 0.088889
0 0.715000 0.774444 0.032500 0.104444
0 0.768750 0.756667 0.032500 0.073333
0 0.698125 0.664444 0.026250 0.088889
0 0.867500 0.847778 0.047500 0.108889
0 0.610000 0.643333 0.022500 0.082222
0 0.552500 0.604444 0.030000 0.080000
0 0.836250 0.726667 0.037500 0.106667
1 0.639375 0.828889 0.101250 0.275556
1 0.349375 0.751111 0.106250 0.275556
1 0.739375 0.591111 0.061250 0.088889
