0 0.662500 0.894444 0.032500 0.108889
0 0.708750 0.810000 0.032500 0.108889
0 0.670000 0.732222 0.032500 0.108889
0 0.613750 0.718889 0.032500 0.108889
0 0.566250 0.705556 0.032500 0.108889
0 0.075000 0.905556 0.032500 0.108889
0 0.207500 0.623333 0.032500 0.108889
0 0.157500 0.636667 0.032500 0.108889
0 0.218750 0.801111 0.032500 0.108889
0 0.877500 0.617778 0.022500 0.084444
0 0.890000 0.715556 0.022500 0.080000
0 0.640000 0.670000 0.027500 0.086667
0 0.763125 0.601111 0.023750 0.091111
0 0.797500 0.611111 0.022500 0.097778
0 0.952500 0.832222 0.032500 0.108889
0 0.849375 0.831111 0.031250 0.084444
0 0.841875 0.925556 0.028750 0.122222
0 0.900625 0.816667 0.038750 0.100000
0 0.771250 0.816667 0.032500 0.108889
0 0.241250 0.580000 0.027500 0.080000
1 0.386875 0.662222 0.073750 0.173333
1 0.308750 0.638889 0.097500 0.180000
1 0.711875 0.681111 0.076250 0.117778
1 0.823750 0.727778 0.102500 0.108889
