0 0.175625 0.675556 0.026250 0.093333
0 0.196875 0.688889 0.026250 0.093333
0 0.050625 0.731111 0.026250 0.093333
0 0.084375 0.746667 0.026250 0.093333
0 0.158125 0.793333 0.026250 0.093333
0 0.270625 0.771111 0.026250 0.093333
0 0.326875 0.773333 0.026250 0.093333
0 0.293125 0.615556 0.026250 0.093333
0 0.091875 0.673333 0.021250 0.115556
0 0.126875 0.673333 0.026250 0.093333
0 0.057500 0.932222 0.030000 0.126667
0 0.230625 0.604444 0.026250 0.093333
0 0.261875 0.604444 0.026250 0.093333
0 0.034375 0.874444 0.033750 0.122222
0 0.721875 0.862222 0.026250 0.093333
0 0.776250 0.917778 0.030000 0.124444
0 0.813125 0.888889 0.026250 0.093333
0 0.553125 0.697778 0.026250 0.093333
0 0.535625 0.762222 0.026250 0.093333
0 0.551875 0.851111 0.026250 0.093333
0 0.926875 0.931111 0.028750 0.111111
0 0.861875 0.873333 0.026250 0.093333
0 0.893750 0.846667 0.022500 0.097778
0 0.799375 0.806667 0.026250 0.093333
0 0.959375 0.893333 0.028750 0.111111
0 0.868125 0.948889 0.026250 0.093333
0 0.853125 0.764444 0.026250 0.093333
1 0.643125 0.836667 0.123750 0.308889
