0 0.158750 0.877778 0.032500 0.120000
0 0.243125 0.865556 0.036250 0.131111
0 0.298125 0.844444 0.028750 0.151111
0 0.105625 0.774444 0.036250 0.131111
0 0.176875 0.754444 0.031250 0.100000
0 0.220625 0.724444 0.031250 0.120000
0 0.299375 0.667778 0.023750 0.104444
0 0.266250 0.656667 0.027500 0.100000
0 0.344375 0.658889 0.028750 0.108889
0 0.211875 0.603333 0.023750 0.077778
0 0.710000 0.847778 0.032500 0.122222
0 0.771875 0.767778 0.028750 0.108889
0 0.832500 0.831111 0.032500 0.111111
0 0.762500 0.913333 0.035000 0.120000
0 0.743750 0.705556 0.025000 0.086667
0 0.800000 0.701111 0.025000 0.091111
0 0.765625 0.655556 0.028750 0.084444
0 0.800625 0.644444 0.026250 0.084444
0 0.556250 0.631111 0.027500 0.088889
1 0.661875 0.676667 0.073750 0.104444
