0 0.065625 0.832222 0.031250 0.153333
0 0.070625 0.687778 0.041250 0.113333
0 0.564375 0.718889 0.023750 0.108889
0 0.617500 0.797778 0.037500 0.111111
0 0.674375 0.805556 0.046250 0.126667
0 0.781875 0.891111 0.033750 0.142222
0 0.723750 0.731111 0.030000 0.111111
0 0.618125 0.632222 0.026250 0.095556
0 0.860625 0.848889 0.036250 0.124444
0 0.917500 0.826667 0.037500 0.106667
0 0.857500 0.720000 0.032500 0.115556
0 0.757500 0.684444 0.025000 0.106667
2 0.256250 0.606667 0.020000 0.088889
1 0.385625 0.662222 0.063750 0.124444
1 0.213125 0.732222 0.106250 0.140000
1 0.306250 0.636667 0.075000 0.108889
1 0.642500 0.536667 0.077500 0.135556
