0 0.198750 0.837778 0.032500 0.146667
0 0.097500 0.687778 0.035000 0.091111
0 0.266250 0.745556 0.032500 0.122222
0 0.139375 0.611111 0.031250 0.080000
0 0.167500 0.630000 0.025000 0.086667
0 0.038125 0.712222 0.028750 0.091111
0 0.236875 0.596667 0.023750 0.073333
0 0.551875 0.617778 0.031250 0.102222
0 0.611875 0.650000 0.026250 0.082222
0 0.725000 0.823333 0.030000 0.117778
0 0.764375 0.921111 0.031250 0.126667
0 0.784375 0.812222 0.028750 0.113333
0 0.894375 0.904444 0.043750 0.124444
0 0.893125 0.663333 0.033750 0.100000
0 0.705000 0.695556 0.030000 0.106667
0 0.755000 0.718889 0.030000 0.095556
0 0.809375 0.734444 0.023750 0.086667
1 0.638750 0.853333 0.105000 0.280000
1 0.745625 0.600000 0.058750 0.097778
0 0.971250 0.782222 0.042500 0.128889
