0 0.557500 0.767778 0.030000 0.117778
0 0.959375 0.934444 0.038750 0.117778
0 0.959375 0.775556 0.066250 0.111111
0 0.921250 0.705556 0.030000 0.117778
0 0.868750 0.872222 0.030000 0.117778
0 0.855000 0.752222 0.030000 0.117778
0 0.640000 0.921111 0.030000 0.117778
0 0.667500 0.814444 0.030000 0.117778
0 0.638750 0.763333 0.030000 0.117778
0 0.602500 0.752222 0.030000 0.117778
0 0.798125 0.700000 0.023750 0.102222
1 0.734375 0.716667 0.103750 0.197778
1 0.770000 0.925556 0.145000 0.148889
1 0.576875 0.585556 0.063750 0.144444
2 0.982500 0.684444 0.020000 0.097778
