0 0.240000 0.903333 0.045000 0.144444
0 0.173750 0.647778 0.022500 0.082222
0 0.185625 0.760000 0.026250 0.088889
0 0.135000 0.806667 0.025000 0.115556
0 0.088125 0.682222 0.026250 0.088889
0 0.114375 0.711111 0.026250 0.088889
0 0.229375 0.668889 0.026250 0.088889
0 0.286875 0.660000 0.026250 0.088889
0 0.155625 0.620000 0.026250 0.088889
0 0.120625 0.617778 0.026250 0.088889
0 0.056250 0.883333 0.032500 0.140000
0 0.344375 0.600000 0.026250 0.088889
0 0.248750 0.602222 0.022500 0.071111
0 0.541250 0.701111 0.025000 0.095556
0 0.658750 0.777778 0.027500 0.088889
0 0.563125 0.858889 0.026250 0.126667
0 0.607500 0.822222 0.030000 0.111111
0 0.566250 0.746667 0.027500 0.088889
0 0.581250 0.688889 0.027500 0.088889
0 0.957500 0.746667 0.027500 0.088889
0 0.646250 0.680000 0.027500 0.088889
0 0.895000 0.922222 0.027500 0.088889
0 0.823750 0.866667 0.027500 0.088889
0 0.860000 0.942222 0.035000 0.111111
0 0.882500 0.817778 0.027500 0.088889
0 0.807500 0.764444 0.027500 0.088889
0 0.830000 0.791111 0.027500 0.088889
1 0.375625 0.645556 0.063750 0.117778
1 0.728125 0.802222 0.081250 0.142222
1 0.692500 0.653333 0.065000 0.111111
