0 0.108125 0.747778 0.031250 0.122222
0 0.161250 0.666667 0.027500 0.102222
0 0.375000 0.642222 0.022500 0.093333
0 0.243125 0.631111 0.026250 0.088889
0 0.128750 0.618889 0.022500 0.091111
0 0.175625 0.610000 0.028750 0.086667
0 0.223125 0.595556 0.016250 0.088889
0 0.290625 0.578889 0.021250 0.086667
0 0.654375 0.724444 0.026250 0.102222
0 0.586250 0.855556 0.037500 0.137778
0 0.715625 0.785556 0.033750 0.117778
0 0.748125 0.891111 0.031250 0.142222
0 0.585625 0.750000 0.026250 0.108889
0 0.820000 0.797778 0.032500 0.111111
0 0.853125 0.883333 0.041250 0.131111
0 0.929375 0.891111 0.038750 0.146667
0 0.765000 0.786667 0.035000 0.111111
0 0.931250 0.718889 0.027500 0.108889
0 0.886875 0.680000 0.026250 0.088889
0 0.863750 0.635556 0.025000 0.080000
0 0.855625 0.703333 0.028750 0.100000
0 0.805000 0.705556 0.032500 0.091111
0 0.748125 0.697778 0.026250 0.097778
0 0.725625 0.632222 0.021250 0.082222
1 0.592500 0.624444 0.055000 0.093333
1 0.675000 0.626667 0.062500 0.093333
