0 0.314375 0.636667 0.026250 0.095556
0 0.636875 0.803333 0.026250 0.095556
0 0.593125 0.801111 0.026250 0.095556
0 0.264375 0.556667 0.026250 0.095556
0 0.234375 0.576667 0.026250 0.095556
0 0.350625 0.716667 0.026250 0.095556
0 0.071875 0.804444 0.028750 0.137778
0 0.038125 0.765556 0.026250 0.095556
0 0.151875 0.690000 0.026250 0.095556
0 0.135625 0.636667 0.026250 0.095556
0 0.185625 0.634444 0.026250 0.095556
0 0.869375 0.712222 0.026250 0.095556
0 0.958125 0.841111 0.026250 0.095556
0 0.933125 0.856667 0.026250 0.095556
0 0.920625 0.934444 0.026250 0.095556
0 0.848125 0.818889 0.026250 0.095556
0 0.794375 0.730000 0.026250 0.095556
0 0.743125 0.692222 0.026250 0.095556
0 0.769375 0.758889 0.026250 0.095556
0 0.638125 0.707778 0.026250 0.095556
0 0.698125 0.723333 0.026250 0.095556
0 0.946875 0.696667 0.026250 0.095556
0 0.893125 0.705556 0.026250 0.095556
0 0.829375 0.712222 0.026250 0.095556
0 0.861875 0.927778 0.026250 0.095556
1 0.400000 0.622222 0.062500 0.128889
1 0.311875 0.880000 0.128750 0.240000
1 0.680625 0.617778 0.068750 0.097778
