0 0.640625 0.697778 0.021250 0.111111
0 0.711250 0.677778 0.025000 0.084444
0 0.741875 0.726667 0.026250 0.102222
0 0.828750 0.743333 0.027500 0.100000
0 0.798125 0.826667 0.026250 0.102222
0 0.885625 0.794444 0.033750 0.086667
0 0.890000 0.685556 0.035000 0.095556
0 0.815000 0.618889 0.025000 0.073333
0 0.695625 0.600000 0.018750 0.066667
0 0.723125 0.596667 0.016250 0.064444
2 0.516875 0.606667 0.013750 0.102222
1 0.204375 0.577778 0.073750 0.093333
1 0.739375 0.895556 0.118750 0.195556
1 0.576875 0.537778 0.051250 0.137778
