0 0.290000 0.646667 0.030000 0.106667
0 0.315000 0.666667 0.030000 0.106667
0 0.135000 0.825556 0.037500 0.131111
0 0.083750 0.895556 0.050000 0.160000
0 0.136875 0.658889 0.023750 0.108889
0 0.911250 0.817778 0.030000 0.106667
0 0.747500 0.898889 0.047500 0.135556
0 0.645000 0.885556 0.035000 0.131111
0 0.718125 0.595556 0.028750 0.075556
0 0.728125 0.690000 0.023750 0.104444
0 0.960000 0.926667 0.030000 0.106667
0 0.788125 0.588889 0.016250 0.062222
0 0.766875 0.594444 0.021250 0.073333
0 0.866250 0.688889 0.022500 0.093333
0 0.804375 0.642222 0.016250 0.062222
1 0.704375 0.788889 0.086250 0.128889
1 0.810000 0.741111 0.107500 0.148889
2 0.238750 0.625556 0.015000 0.086667
2 0.218750 0.604444 0.017500 0.097778
