0 0.182500 0.780000 0.030000 0.120000
0 0.247500 0.797778 0.035000 0.115556
0 0.305000 0.784444 0.040000 0.120000
0 0.058125 0.716667 0.031250 0.104444
0 0.335000 0.916667 0.045000 0.126667
0 0.026875 0.916667 0.031250 0.144444
0 0.115625 0.914444 0.046250 0.144444
0 0.155000 0.682222 0.025000 0.088889
0 0.203750 0.581111 0.035000 0.082222
0 0.151875 0.593333 0.018750 0.097778
0 0.294375 0.718889 0.023750 0.104444
0 0.169375 0.613333 0.026250 0.066667
0 0.549375 0.638889 0.026250 0.091111
0 0.611250 0.645556 0.025000 0.091111
0 0.676250 0.623333 0.025000 0.091111
0 0.721250 0.643333 0.020000 0.086667
0 0.769375 0.682222 0.021250 0.097778
0 0.799375 0.801111 0.023750 0.108889
0 0.848125 0.751111 0.026250 0.115556
0 0.922500 0.743333 0.037500 0.091111
0 0.941250 0.863333 0.040000 0.126667
0 0.868750 0.634444 0.025000 0.091111
0 0.920625 0.682222 0.028750 0.075556
0 0.834375 0.594444 0.018750 0.060000
0 0.748125 0.624444 0.023750 0.075556
0 0.782500 0.636667 0.027500 0.077778
1 0.620000 0.813333 0.085000 0.142222
1 0.720000 0.760000 0.085000 0.124444
