0 0.400625 0.622222 0.018750 0.088889
0 0.868750 0.835556 0.025000 0.106667
0 0.789375 0.688889 0.018750 0.088889
0 0.178125 0.568889 0.018750 0.088889
0 0.323125 0.606667 0.018750 0.088889
0 0.221875 0.602222 0.018750 0.088889
0 0.258125 0.606667 0.018750 0.088889
0 0.189375 0.637778 0.018750 0.088889
0 0.359375 0.633333 0.018750 0.088889
0 0.284375 0.657778 0.018750 0.088889
0 0.226875 0.746667 0.018750 0.088889
0 0.169375 0.742222 0.018750 0.088889
0 0.135625 0.666667 0.018750 0.088889
0 0.086875 0.675556 0.023750 0.088889
0 0.025625 0.720000 0.018750 0.088889
0 0.050625 0.780000 0.026250 0.124444
0 0.076250 0.818889 0.032500 0.086667
0 0.126250 0.847778 0.027500 0.104444
0 0.318125 0.744444 0.018750 0.088889
0 0.863125 0.702222 0.018750 0.088889
0 0.834375 0.875556 0.028750 0.097778
0 0.813125 0.740000 0.018750 0.088889
0 0.815625 0.657778 0.018750 0.088889
0 0.740625 0.704444 0.018750 0.088889
0 0.711250 0.714444 0.020000 0.073333
0 0.583125 0.602222 0.018750 0.088889
0 0.610625 0.655556 0.018750 0.088889
0 0.541875 0.660000 0.018750 0.088889
0 0.670625 0.751111 0.018750 0.088889
0 0.938750 0.768889 0.025000 0.106667
0 0.926250 0.931111 0.025000 0.106667
0 0.908750 0.804444 0.025000 0.106667
1 0.601875 0.800000 0.081250 0.173333
