0 0.884375 0.877778 0.041250 0.133333
0 0.168125 0.630000 0.031250 0.095556
0 0.155625 0.730000 0.031250 0.095556
0 0.113125 0.683333 0.031250 0.095556
0 0.021875 0.778889 0.031250 0.095556
0 0.045625 0.898889 0.031250 0.113333
0 0.130625 0.827778 0.031250 0.095556
0 0.335625 0.814444 0.031250 0.095556
0 0.766875 0.610000 0.021250 0.073333
0 0.544375 0.814444 0.031250 0.095556
0 0.831250 0.794444 0.035000 0.068889
0 0.823750 0.632222 0.020000 0.091111
0 0.866875 0.755556 0.028750 0.097778
0 0.835625 0.903333 0.031250 0.113333
0 0.884375 0.621111 0.021250 0.086667
2 0.551250 0.633333 0.020000 0.111111
1 0.623750 0.864444 0.092500 0.182222
1 0.262500 0.783333 0.100000 0.162222
1 0.602500 0.665556 0.057500 0.135556
1 0.398125 0.596667 0.056250 0.135556
1 0.333750 0.580000 0.057500 0.097778
1 0.686250 0.622222 0.080000 0.142222
1 0.746875 0.836667 0.131250 0.264444
