0 0.351250 0.583333 0.025000 0.091111
0 0.252500 0.581111 0.025000 0.091111
0 0.336250 0.665556 0.025000 0.091111
0 0.320000 0.616667 0.025000 0.091111
0 0.280000 0.656667 0.025000 0.091111
0 0.220000 0.618889 0.025000 0.091111
0 0.178750 0.634444 0.025000 0.091111
0 0.201250 0.568889 0.017500 0.080000
0 0.044375 0.837778 0.028750 0.128889
0 0.116250 0.847778 0.027500 0.122222
0 0.061250 0.705556 0.025000 0.091111
0 0.150000 0.758889 0.025000 0.091111
0 0.541250 0.661111 0.025000 0.091111
0 0.581250 0.698889 0.025000 0.091111
0 0.642500 0.792222 0.025000 0.091111
0 0.600000 0.841111 0.025000 0.091111
0 0.779375 0.771111 0.026250 0.088889
0 0.813750 0.776667 0.025000 0.091111
0 0.870000 0.818889 0.025000 0.091111
0 0.788750 0.890000 0.025000 0.091111
0 0.681250 0.783333 0.025000 0.091111
0 0.738750 0.816667 0.025000 0.091111
0 0.630000 0.703333 0.020000 0.082222
0 0.756875 0.715556 0.026250 0.088889
0 0.830625 0.704444 0.018750 0.097778
0 0.921875 0.804444 0.026250 0.088889
2 0.867500 0.637778 0.012500 0.088889
2 0.902500 0.656667 0.027500 0.073333
2 0.420625 0.624444 0.013750 0.097778
1 0.218125 0.790000 0.113750 0.224444
1 0.368750 0.715556 0.067500 0.124444
1 0.591875 0.570000 0.048750 0.064444
1 0.786875 0.525556 0.128750 0.126667
