0 0.800000 0.714444 0.027500 0.104444
0 0.675000 0.718889 0.027500 0.104444
0 0.596250 0.681111 0.022500 0.104444
0 0.610000 0.832222 0.027500 0.104444
0 0.566250 0.734444 0.027500 0.104444
0 0.257500 0.596667 0.027500 0.104444
0 0.227500 0.632222 0.027500 0.104444
0 0.097500 0.852222 0.027500 0.104444
0 0.823750 0.774444 0.027500 0.104444
0 0.870000 0.783333 0.027500 0.104444
0 0.778750 0.881111 0.027500 0.104444
0 0.848750 0.847778 0.027500 0.104444
0 0.778750 0.776667 0.027500 0.104444
0 0.727500 0.772222 0.027500 0.104444
0 0.831250 0.668889 0.027500 0.093333
0 0.948750 0.830000 0.027500 0.104444
0 0.918750 0.748889 0.027500 0.106667
0 0.722500 0.688889 0.027500 0.093333
0 0.752500 0.708889 0.027500 0.093333
0 0.858750 0.721111 0.027500 0.104444
0 0.700000 0.662222 0.022500 0.084444
0 0.652500 0.646667 0.022500 0.084444
1 0.353125 0.751111 0.111250 0.328889
1 0.243750 0.781111 0.105000 0.162222
1 0.583125 0.576667 0.051250 0.082222
