0 0.092500 0.721111 0.025000 0.095556
0 0.207500 0.681111 0.035000 0.095556
0 0.130625 0.698889 0.026250 0.095556
0 0.091875 0.654444 0.028750 0.073333
0 0.302500 0.695556 0.032500 0.133333
0 0.181875 0.653333 0.021250 0.102222
0 0.135625 0.602222 0.028750 0.084444
0 0.245000 0.611111 0.027500 0.093333
0 0.191875 0.557778 0.023750 0.071111
0 0.560625 0.722222 0.031250 0.115556
0 0.770625 0.812222 0.031250 0.131111
0 0.681250 0.668889 0.015000 0.111111
0 0.652500 0.621111 0.020000 0.095556
0 0.778125 0.720000 0.028750 0.088889
0 0.883125 0.897778 0.053750 0.142222
0 0.813750 0.692222 0.027500 0.082222
0 0.702500 0.647778 0.017500 0.091111
0 0.738125 0.626667 0.026250 0.075556
0 0.804375 0.600000 0.026250 0.071111
0 0.776875 0.654444 0.028750 0.095556
