0 0.069375 0.723333 0.028750 0.095556
0 0.228750 0.831111 0.032500 0.133333
0 0.155625 0.787778 0.036250 0.131111
0 0.243125 0.707778 0.028750 0.095556
0 0.220625 0.641111 0.028750 0.095556
0 0.289375 0.607778 0.028750 0.095556
0 0.038750 0.868889 0.040000 0.120000
0 0.203125 0.603333 0.028750 0.095556
0 0.174375 0.583333 0.028750 0.095556
0 0.341875 0.607778 0.028750 0.095556
0 0.559375 0.801111 0.028750 0.095556
0 0.549375 0.672222 0.028750 0.095556
0 0.615625 0.767778 0.028750 0.095556
0 0.546250 0.916667 0.027500 0.126667
0 0.658125 0.732222 0.028750 0.095556
0 0.666875 0.832222 0.028750 0.095556
0 0.651250 0.923333 0.030000 0.122222
0 0.905625 0.787778 0.028750 0.095556
0 0.828125 0.805556 0.028750 0.095556
0 0.931875 0.841111 0.028750 0.095556
0 0.942500 0.947778 0.037500 0.104444
0 0.883125 0.936667 0.033750 0.108889
0 0.811875 0.725556 0.028750 0.095556
0 0.849375 0.736667 0.028750 0.095556
0 0.893125 0.725556 0.028750 0.095556
0 0.608125 0.681111 0.023750 0.086667
0 0.661875 0.672222 0.023750 0.086667
0 0.628125 0.667778 0.023750 0.086667
1 0.763750 0.875556 0.122500 0.182222
1 0.578750 0.521111 0.085000 0.166667
2 0.390000 0.921111 0.027500 0.135556
