0 0.720000 0.673333 0.020000 0.084444
0 0.914375 0.874444 0.026250 0.108889
0 0.787500 0.766667 0.022500 0.093333
0 0.841250 0.841111 0.025000 0.108889
0 0.648125 0.930000 0.026250 0.117778
0 0.723125 0.923333 0.026250 0.117778
0 0.685625 0.883333 0.026250 0.117778
0 0.850000 0.702222 0.020000 0.084444
0 0.825000 0.708889 0.020000 0.084444
0 0.752500 0.637778 0.020000 0.084444
0 0.660000 0.622222 0.020000 0.084444
0 0.696250 0.638889 0.017500 0.077778
0 0.808750 0.651111 0.020000 0.084444
0 0.091875 0.755556 0.023750 0.106667
2 0.872500 0.656667 0.022500 0.086667
1 0.321875 0.838889 0.098750 0.193333
1 0.198750 0.671111 0.092500 0.133333
1 0.108125 0.934444 0.141250 0.131111
1 0.591250 0.845556 0.082500 0.153333
1 0.700625 0.766667 0.101250 0.120000
