0 0.378125 0.610000 0.018750 0.077778
0 0.049375 0.696667 0.018750 0.077778
0 0.128750 0.743333 0.025000 0.091111
0 0.155000 0.772222 0.027500 0.095556
0 0.211875 0.743333 0.018750 0.077778
0 0.325625 0.581111 0.018750 0.077778
0 0.286875 0.650000 0.018750 0.077778
0 0.239375 0.661111 0.018750 0.077778
0 0.668750 0.925556 0.027500 0.095556
0 0.151250 0.627778 0.027500 0.095556
0 0.537500 0.941111 0.027500 0.095556
0 0.551250 0.818889 0.027500 0.095556
0 0.208750 0.850000 0.027500 0.095556
0 0.833750 0.714444 0.027500 0.095556
0 0.890000 0.670000 0.027500 0.095556
0 0.898750 0.923333 0.027500 0.095556
0 0.798750 0.718889 0.027500 0.095556
0 0.868750 0.816667 0.027500 0.095556
0 0.705000 0.881111 0.027500 0.095556
0 0.201250 0.632222 0.027500 0.095556
0 0.178125 0.702222 0.026250 0.088889
0 0.026250 0.882222 0.032500 0.124444
0 0.691875 0.591111 0.018750 0.075556
0 0.535625 0.662222 0.026250 0.093333
0 0.728750 0.635556 0.027500 0.080000
0 0.766875 0.618889 0.026250 0.086667
0 0.840000 0.606667 0.030000 0.080000
1 0.603125 0.795556 0.081250 0.168889
1 0.680000 0.697778 0.082500 0.133333
