0 0.082500 0.843333 0.027500 0.113333
0 0.215625 0.911111 0.031250 0.120000
0 0.356875 0.828889 0.031250 0.111111
0 0.268750 0.763333 0.027500 0.100000
0 0.207500 0.731111 0.027500 0.088889
0 0.055625 0.760000 0.023750 0.106667
0 0.086875 0.681111 0.028750 0.082222
0 0.183750 0.641111 0.027500 0.086667
0 0.160625 0.835556 0.041250 0.102222
0 0.323750 0.737778 0.022500 0.102222
0 0.301875 0.707778 0.026250 0.095556
0 0.553750 0.660000 0.022500 0.088889
0 0.618125 0.672222 0.031250 0.082222
0 0.682500 0.641111 0.020000 0.082222
0 0.728750 0.667778 0.020000 0.095556
0 0.782500 0.705556 0.027500 0.095556
0 0.817500 0.856667 0.037500 0.117778
0 0.862500 0.778889 0.035000 0.108889
0 0.951250 0.754444 0.035000 0.113333
0 0.908125 0.677778 0.031250 0.093333
0 0.859375 0.626667 0.028750 0.084444
0 0.783125 0.636667 0.031250 0.073333
0 0.751250 0.634444 0.025000 0.095556
1 0.626250 0.862222 0.095000 0.164444
1 0.729375 0.794444 0.091250 0.131111
