0 0.280000 0.833333 0.032500 0.137778
0 0.392500 0.657778 0.027500 0.115556
0 0.057500 0.820000 0.032500 0.137778
0 0.105000 0.731111 0.032500 0.137778
0 0.143750 0.744444 0.032500 0.137778
0 0.330000 0.753333 0.032500 0.137778
0 0.556250 0.693333 0.027500 0.115556
0 0.592500 0.753333 0.027500 0.115556
0 0.228125 0.590000 0.026250 0.095556
0 0.198750 0.646667 0.027500 0.115556
0 0.351250 0.633333 0.027500 0.115556
0 0.941250 0.864444 0.027500 0.115556
0 0.883750 0.826667 0.027500 0.115556
0 0.820000 0.844444 0.027500 0.115556
0 0.776250 0.817778 0.027500 0.115556
0 0.631250 0.795556 0.027500 0.115556
0 0.761250 0.737778 0.027500 0.115556
0 0.882500 0.695556 0.027500 0.115556
0 0.840000 0.826667 0.027500 0.115556
0 0.800000 0.748889 0.027500 0.115556
0 0.955000 0.733333 0.027500 0.115556
0 0.798750 0.906667 0.027500 0.115556
0 0.892500 0.931111 0.027500 0.115556
0 0.600000 0.646667 0.027500 0.115556
0 0.835000 0.657778 0.027500 0.115556
1 0.690625 0.722222 0.103750 0.191111
1 0.272500 0.670000 0.092500 0.197778
