0 0.022500 0.871111 0.032500 0.142222
0 0.195000 0.784444 0.032500 0.142222
0 0.075000 0.873333 0.032500 0.142222
0 0.086875 0.715556 0.031250 0.120000
0 0.656875 0.868889 0.031250 0.120000
0 0.555625 0.688889 0.031250 0.102222
0 0.650625 0.764444 0.031250 0.102222
0 0.608125 0.711111 0.031250 0.102222
0 0.894375 0.868889 0.031250 0.120000
0 0.844375 0.917778 0.031250 0.120000
0 0.928125 0.795556 0.031250 0.120000
0 0.809375 0.795556 0.031250 0.102222
0 0.766875 0.797778 0.031250 0.102222
0 0.691875 0.768889 0.031250 0.102222
0 0.640625 0.655556 0.031250 0.102222
0 0.770000 0.693333 0.027500 0.102222
0 0.747500 0.701111 0.025000 0.100000
0 0.964375 0.922222 0.031250 0.120000
2 0.189375 0.661111 0.031250 0.100000
2 0.857500 0.624444 0.017500 0.075556
2 0.885625 0.648889 0.021250 0.075556
1 0.833750 0.696667 0.095000 0.108889
