0 0.116250 0.764444 0.022500 0.093333
0 0.112500 0.884444 0.025000 0.124444
0 0.141250 0.795556 0.022500 0.093333
0 0.187500 0.697778 0.022500 0.093333
0 0.093750 0.682222 0.022500 0.093333
0 0.281250 0.735556 0.022500 0.093333
0 0.060000 0.866667 0.025000 0.124444
0 0.036250 0.757778 0.025000 0.124444
0 0.280000 0.626667 0.022500 0.093333
0 0.241250 0.668889 0.022500 0.093333
0 0.133750 0.664444 0.022500 0.093333
0 0.223750 0.631111 0.022500 0.093333
0 0.167500 0.602222 0.022500 0.093333
0 0.200000 0.608889 0.022500 0.093333
0 0.942500 0.840000 0.022500 0.093333
0 0.895000 0.800000 0.022500 0.093333
0 0.828750 0.726667 0.022500 0.093333
0 0.863750 0.806667 0.022500 0.093333
0 0.771250 0.700000 0.022500 0.093333
0 0.665000 0.660000 0.022500 0.093333
0 0.732500 0.693333 0.022500 0.093333
0 0.682500 0.775556 0.022500 0.093333
0 0.535000 0.655556 0.022500 0.093333
0 0.918125 0.672222 0.021250 0.077778
0 0.960000 0.774444 0.030000 0.095556
0 0.961250 0.937778 0.037500 0.088889
0 0.843125 0.656667 0.021250 0.077778
1 0.369375 0.715556 0.083750 0.168889
1 0.627500 0.873333 0.100000 0.191111
1 0.790625 0.872222 0.161250 0.246667
1 0.603750 0.658889 0.067500 0.095556
1 0.214375 0.850000 0.096250 0.220000
