0 0.036875 0.854444 0.026250 0.140000
0 0.136250 0.794444 0.037500 0.131111
0 0.197500 0.797778 0.032500 0.128889
0 0.306250 0.792222 0.037500 0.148889
0 0.208750 0.717778 0.030000 0.106667
0 0.161875 0.645556 0.023750 0.104444
0 0.195000 0.652222 0.030000 0.108889
0 0.083750 0.662222 0.025000 0.093333
0 0.269375 0.612222 0.023750 0.073333
0 0.555000 0.614444 0.022500 0.091111
0 0.761875 0.757778 0.028750 0.102222
0 0.840625 0.764444 0.026250 0.102222
0 0.856875 0.727778 0.033750 0.104444
0 0.767500 0.681111 0.027500 0.077778
0 0.825625 0.655556 0.031250 0.088889
0 0.706875 0.641111 0.023750 0.095556
0 0.728750 0.608889 0.027500 0.080000
