0 0.680625 0.874444 0.031250 0.117778
0 0.899375 0.932222 0.031250 0.117778
0 0.739375 0.774444 0.031250 0.117778
0 0.815625 0.805556 0.031250 0.117778
0 0.951875 0.754444 0.031250 0.117778
0 0.970625 0.838889 0.031250 0.117778
0 0.321250 0.598889 0.025000 0.082222
0 0.242500 0.698889 0.022500 0.113333
0 0.876250 0.723333 0.022500 0.131111
0 0.655625 0.806667 0.031250 0.115556
0 0.795000 0.718889 0.027500 0.091111
0 0.837500 0.756667 0.027500 0.113333
0 0.921875 0.865556 0.031250 0.117778
0 0.754375 0.938889 0.031250 0.117778
0 0.813750 0.695556 0.025000 0.088889
0 0.750625 0.712222 0.026250 0.095556
0 0.905625 0.780000 0.026250 0.088889
1 0.597500 0.707778 0.067500 0.126667
1 0.680625 0.676667 0.071250 0.100000
1 0.309375 0.890000 0.136250 0.220000
1 0.347500 0.701111 0.072500 0.126667
2 0.548750 0.634444 0.020000 0.091111
