0 0.615625 0.717778 0.026250 0.115556
0 0.583125 0.661111 0.018750 0.091111
0 0.690625 0.776667 0.026250 0.108889
0 0.736250 0.861111 0.025000 0.117778
0 0.791250 0.845556 0.027500 0.122222
0 0.945000 0.744444 0.030000 0.111111
0 0.745625 0.761111 0.023750 0.104444
0 0.777500 0.710000 0.027500 0.104444
0 0.693750 0.672222 0.025000 0.095556
0 0.811875 0.767778 0.026250 0.108889
0 0.839375 0.754444 0.026250 0.108889
0 0.799375 0.667778 0.023750 0.082222
0 0.630625 0.655556 0.018750 0.084444
0 0.656250 0.627778 0.015000 0.100000
0 0.732500 0.604444 0.022500 0.075556
