0 0.150000 0.764444 0.037500 0.137778
0 0.207500 0.752222 0.030000 0.117778
0 0.287500 0.713333 0.045000 0.128889
0 0.114375 0.675556 0.031250 0.106667
0 0.168750 0.671111 0.032500 0.093333
0 0.218125 0.665556 0.026250 0.095556
0 0.303750 0.634444 0.040000 0.108889
0 0.198750 0.598889 0.035000 0.108889
0 0.143125 0.615556 0.033750 0.106667
0 0.639375 0.840000 0.036250 0.137778
0 0.761875 0.772222 0.038750 0.113333
0 0.599375 0.722222 0.043750 0.124444
0 0.881250 0.701111 0.055000 0.113333
0 0.778125 0.663333 0.031250 0.104444
0 0.694375 0.625556 0.033750 0.077778
0 0.734375 0.625556 0.026250 0.086667
1 0.623750 0.624444 0.075000 0.111111
1 0.407500 0.590000 0.057500 0.117778
1 0.777500 0.917778 0.147500 0.164444
1 0.360000 0.537778 0.052500 0.093333
