0 0.303750 0.908889 0.050000 0.133333
0 0.306875 0.791111 0.033750 0.142222
0 0.218750 0.832222 0.035000 0.126667
0 0.117500 0.746667 0.020000 0.120000
0 0.148125 0.698889 0.033750 0.104444
0 0.120625 0.643333 0.031250 0.108889
0 0.715000 0.896667 0.030000 0.135556
0 0.782500 0.920000 0.032500 0.128889
0 0.951875 0.868889 0.043750 0.124444
0 0.709375 0.773333 0.028750 0.120000
0 0.762500 0.770000 0.030000 0.135556
0 0.849375 0.733333 0.038750 0.106667
0 0.682500 0.728889 0.020000 0.124444
0 0.628125 0.671111 0.021250 0.106667
0 0.722500 0.676667 0.022500 0.086667
0 0.763125 0.688889 0.026250 0.093333
0 0.591875 0.636667 0.021250 0.064444
0 0.750000 0.636667 0.017500 0.091111
0 0.795000 0.605556 0.017500 0.091111
1 0.877500 0.904444 0.135000 0.164444
