0 0.250625 0.580000 0.021250 0.071111
0 0.308750 0.590000 0.025000 0.073333
0 0.260000 0.646667 0.020000 0.097778
0 0.156875 0.578889 0.026250 0.086667
0 0.192500 0.621111 0.032500 0.068889
0 0.146250 0.668889 0.027500 0.106667
0 0.181250 0.693333 0.027500 0.106667
0 0.156250 0.742222 0.027500 0.106667
0 0.095000 0.735556 0.027500 0.106667
0 0.122500 0.815556 0.027500 0.106667
0 0.025000 0.774444 0.027500 0.100000
0 0.706875 0.617778 0.023750 0.066667
0 0.620625 0.613333 0.021250 0.071111
0 0.536250 0.713333 0.025000 0.066667
0 0.535625 0.631111 0.021250 0.071111
0 0.551250 0.830000 0.027500 0.100000
0 0.728750 0.896667 0.027500 0.100000
0 0.720000 0.783333 0.027500 0.100000
0 0.690000 0.727778 0.027500 0.100000
0 0.900625 0.832222 0.033750 0.113333
0 0.820000 0.776667 0.027500 0.100000
0 0.781250 0.761111 0.027500 0.100000
0 0.765000 0.867778 0.027500 0.100000
0 0.754375 0.624444 0.021250 0.075556
0 0.730000 0.678889 0.027500 0.100000
1 0.344375 0.715556 0.081250 0.173333
1 0.220625 0.788889 0.091250 0.173333
1 0.373750 0.572222 0.057500 0.100000
1 0.595000 0.690000 0.060000 0.140000
1 0.630625 0.857778 0.086250 0.155556
2 0.833125 0.642222 0.021250 0.084444
