0 0.146250 0.638889 0.022500 0.082222
0 0.301250 0.661111 0.022500 0.082222
0 0.273750 0.616667 0.022500 0.082222
0 0.252500 0.598889 0.022500 0.082222
0 0.217500 0.607778 0.022500 0.082222
0 0.185000 0.610000 0.022500 0.082222
0 0.247500 0.681111 0.022500 0.082222
0 0.251875 0.786667 0.026250 0.124444
0 0.158125 0.796667 0.023750 0.104444
0 0.106250 0.810000 0.022500 0.082222
0 0.076250 0.698889 0.022500 0.082222
0 0.358750 0.616667 0.022500 0.082222
0 0.029375 0.897778 0.026250 0.124444
0 0.801250 0.698889 0.022500 0.082222
0 0.758750 0.643333 0.022500 0.082222
0 0.758750 0.718889 0.022500 0.082222
0 0.701250 0.627778 0.022500 0.082222
0 0.672500 0.598889 0.022500 0.082222
0 0.645000 0.601111 0.022500 0.082222
0 0.616250 0.618889 0.020000 0.077778
0 0.546250 0.610000 0.022500 0.082222
0 0.532500 0.763333 0.022500 0.082222
0 0.822500 0.676667 0.022500 0.082222
0 0.873750 0.667778 0.022500 0.082222
0 0.842500 0.750000 0.022500 0.082222
0 0.933750 0.724444 0.027500 0.084444
0 0.915000 0.816667 0.020000 0.095556
0 0.894375 0.895556 0.023750 0.093333
0 0.811250 0.614444 0.017500 0.073333
1 0.604375 0.797778 0.081250 0.177778
1 0.711875 0.836667 0.096250 0.184444
