0 0.110625 0.858889 0.026250 0.144444
0 0.250000 0.685556 0.027500 0.086667
0 0.386250 0.684444 0.025000 0.080000
0 0.573750 0.777778 0.025000 0.111111
0 0.631250 0.825556 0.030000 0.117778
0 0.683750 0.882222 0.032500 0.142222
0 0.806875 0.830000 0.028750 0.113333
0 0.912500 0.825556 0.037500 0.122222
0 0.620000 0.676667 0.025000 0.091111
0 0.557500 0.628889 0.035000 0.093333
0 0.686250 0.637778 0.025000 0.093333
0 0.757500 0.702222 0.025000 0.102222
0 0.784375 0.675556 0.026250 0.093333
2 0.508125 0.603333 0.021250 0.091111
1 0.721875 0.793333 0.096250 0.111111
