0 0.150000 0.732222 0.027500 0.122222
0 0.120000 0.805556 0.027500 0.122222
0 0.076250 0.881111 0.027500 0.122222
0 0.095000 0.741111 0.027500 0.122222
0 0.068750 0.738889 0.027500 0.122222
0 0.048750 0.710000 0.027500 0.122222
0 0.138125 0.633333 0.026250 0.097778
0 0.361250 0.667778 0.027500 0.122222
0 0.162500 0.927778 0.027500 0.122222
0 0.212500 0.712222 0.027500 0.122222
0 0.664375 0.671111 0.026250 0.097778
0 0.563125 0.646667 0.026250 0.097778
0 0.595625 0.740000 0.026250 0.097778
0 0.860625 0.795556 0.026250 0.097778
0 0.813125 0.737778 0.026250 0.097778
0 0.709375 0.657778 0.026250 0.097778
0 0.886875 0.762222 0.026250 0.097778
0 0.973125 0.760000 0.026250 0.097778
0 0.863125 0.677778 0.026250 0.097778
0 0.952500 0.894444 0.035000 0.122222
0 0.885625 0.914444 0.028750 0.126667
0 0.635625 0.617778 0.026250 0.097778
0 0.888125 0.671111 0.026250 0.097778
