0 0.231250 0.735556 0.027500 0.102222
0 0.532500 0.735556 0.027500 0.102222
0 0.238750 0.626667 0.027500 0.102222
0 0.203750 0.628889 0.027500 0.102222
0 0.290000 0.700000 0.027500 0.102222
0 0.356250 0.651111 0.025000 0.102222
0 0.173750 0.646667 0.027500 0.102222
0 0.121250 0.668889 0.027500 0.102222
0 0.130000 0.871111 0.027500 0.102222
0 0.063750 0.864444 0.027500 0.102222
0 0.047500 0.728889 0.027500 0.102222
0 0.846250 0.648889 0.027500 0.102222
0 0.920000 0.711111 0.027500 0.102222
0 0.887500 0.788889 0.027500 0.102222
0 0.866250 0.855556 0.027500 0.102222
0 0.831250 0.728889 0.027500 0.102222
0 0.793750 0.686667 0.025000 0.093333
0 0.750000 0.688889 0.027500 0.080000
0 0.797500 0.596667 0.027500 0.073333
0 0.691875 0.614444 0.018750 0.077778
0 0.637500 0.590000 0.022500 0.082222
0 0.606250 0.601111 0.027500 0.095556
0 0.550000 0.607778 0.025000 0.082222
1 0.603750 0.800000 0.082500 0.164444
1 0.707500 0.807778 0.105000 0.180000
