0 0.555625 0.681111 0.023750 0.095556
0 0.687500 0.726667 0.022500 0.102222
0 0.697500 0.668889 0.022500 0.080000
0 0.722500 0.658889 0.020000 0.086667
0 0.746875 0.652222 0.021250 0.073333
0 0.776875 0.703333 0.023750 0.082222
0 0.838125 0.715556 0.021250 0.111111
0 0.831250 0.608889 0.030000 0.075556
0 0.775625 0.594444 0.023750 0.068889
0 0.776875 0.635556 0.018750 0.057778
0 0.868750 0.854444 0.030000 0.113333
0 0.933125 0.880000 0.043750 0.128889
1 0.633750 0.831111 0.097500 0.151111
1 0.780000 0.812222 0.105000 0.148889
