0 0.113125 0.716667 0.033750 0.113333
0 0.608125 0.878889 0.028750 0.131111
0 0.578750 0.737778 0.022500 0.111111
0 0.617500 0.720000 0.025000 0.097778
0 0.688750 0.760000 0.022500 0.111111
0 0.758750 0.820000 0.030000 0.111111
0 0.663750 0.686667 0.020000 0.093333
0 0.744375 0.722222 0.021250 0.093333
0 0.795000 0.913333 0.032500 0.124444
0 0.825000 0.844444 0.022500 0.111111
0 0.811250 0.734444 0.025000 0.095556
0 0.880000 0.844444 0.032500 0.115556
0 0.932500 0.805556 0.030000 0.113333
0 0.829375 0.704444 0.023750 0.111111
0 0.784375 0.650000 0.018750 0.073333
0 0.854375 0.647778 0.016250 0.077778
