0 0.683125 0.847778 0.026250 0.140000
0 0.728750 0.814444 0.025000 0.117778
0 0.678750 0.702222 0.020000 0.093333
0 0.945000 0.712222 0.022500 0.108889
0 0.805625 0.806667 0.028750 0.111111
0 0.756250 0.755556 0.025000 0.097778
0 0.717500 0.708889 0.025000 0.093333
0 0.865000 0.850000 0.030000 0.126667
0 0.816875 0.647778 0.023750 0.086667
0 0.764375 0.663333 0.026250 0.077778
0 0.722500 0.597778 0.020000 0.071111
0 0.649375 0.655556 0.026250 0.084444
0 0.553125 0.727778 0.026250 0.108889
0 0.938125 0.918889 0.048750 0.135556
