0 0.857500 0.625556 0.022500 0.077778
0 0.801250 0.705556 0.022500 0.077778
0 0.687500 0.738889 0.022500 0.077778
0 0.931250 0.898889 0.022500 0.095556
0 0.800000 0.796667 0.022500 0.077778
0 0.760000 0.805556 0.022500 0.077778
0 0.540625 0.864444 0.028750 0.111111
0 0.883750 0.774444 0.022500 0.077778
0 0.908750 0.758889 0.022500 0.077778
0 0.833750 0.676667 0.022500 0.077778
0 0.868750 0.820000 0.027500 0.097778
0 0.836250 0.765556 0.022500 0.077778
0 0.971250 0.918889 0.037500 0.108889
0 0.051875 0.742222 0.028750 0.111111
0 0.099375 0.726667 0.028750 0.111111
0 0.141875 0.713333 0.028750 0.111111
0 0.215625 0.626667 0.023750 0.062222
0 0.173125 0.647778 0.028750 0.086667
0 0.265625 0.631111 0.023750 0.080000
0 0.175625 0.586667 0.023750 0.062222
1 0.638125 0.926667 0.113750 0.146667
1 0.611250 0.692222 0.070000 0.113333
1 0.362500 0.727778 0.077500 0.197778
1 0.185000 0.773333 0.105000 0.204444
1 0.589375 0.591111 0.056250 0.075556
