0 0.853125 0.698889 0.026250 0.095556
0 0.883125 0.645556 0.026250 0.095556
0 0.955625 0.705556 0.026250 0.095556
0 0.961875 0.783333 0.026250 0.095556
0 0.929375 0.805556 0.026250 0.095556
0 0.910625 0.832222 0.026250 0.095556
0 0.895625 0.887778 0.026250 0.095556
0 0.831875 0.785556 0.026250 0.095556
0 0.759375 0.730000 0.026250 0.095556
0 0.634375 0.694444 0.026250 0.095556
0 0.693125 0.703333 0.026250 0.095556
0 0.630625 0.761111 0.026250 0.095556
0 0.585625 0.756667 0.026250 0.095556
0 0.153125 0.685556 0.026250 0.095556
0 0.119375 0.738889 0.026250 0.095556
0 0.335625 0.774444 0.028750 0.104444
0 0.816875 0.698889 0.026250 0.095556
0 0.785625 0.712222 0.026250 0.095556
0 0.220625 0.598889 0.026250 0.095556
0 0.298125 0.665556 0.018750 0.086667
0 0.101875 0.674444 0.026250 0.095556
0 0.249375 0.578889 0.026250 0.095556
0 0.199375 0.554444 0.026250 0.095556
0 0.371875 0.565556 0.026250 0.095556
1 0.395625 0.657778 0.063750 0.151111
1 0.678125 0.603333 0.068750 0.086667
1 0.221250 0.798889 0.147500 0.273333
1 0.763125 0.903333 0.166250 0.193333
