0 0.595625 0.696667 0.028750 0.108889
0 0.179375 0.621111 0.028750 0.108889
0 0.220625 0.707778 0.028750 0.108889
0 0.283125 0.665556 0.028750 0.108889
0 0.759375 0.685556 0.028750 0.108889
0 0.795625 0.714444 0.028750 0.108889
0 0.759375 0.774444 0.028750 0.108889
0 0.848125 0.783333 0.028750 0.108889
0 0.799375 0.861111 0.028750 0.108889
0 0.736875 0.898889 0.028750 0.108889
0 0.539375 0.630000 0.028750 0.108889
0 0.268125 0.583333 0.023750 0.082222
0 0.181875 0.792222 0.028750 0.108889
0 0.101875 0.832222 0.028750 0.108889
0 0.056875 0.761111 0.028750 0.108889
0 0.086875 0.687778 0.028750 0.108889
0 0.299375 0.605556 0.023750 0.082222
0 0.223125 0.627778 0.023750 0.082222
0 0.606875 0.663333 0.023750 0.082222
0 0.836875 0.636667 0.023750 0.082222
0 0.730625 0.803333 0.023750 0.082222
0 0.578750 0.630000 0.022500 0.077778
0 0.719375 0.690000 0.023750 0.082222
0 0.718125 0.752222 0.023750 0.082222
1 0.381250 0.624444 0.067500 0.124444
1 0.645000 0.614444 0.070000 0.144444
