0 0.100625 0.696667 0.028750 0.108889
0 0.053750 0.875556 0.040000 0.133333
0 0.342500 0.792222 0.025000 0.122222
0 0.221250 0.675556 0.027500 0.111111
0 0.125625 0.628889 0.023750 0.106667
0 0.181250 0.634444 0.027500 0.095556
0 0.108125 0.900000 0.043750 0.137778
0 0.223750 0.605556 0.025000 0.073333
0 0.616875 0.708889 0.026250 0.102222
0 0.646875 0.674444 0.026250 0.100000
0 0.703125 0.818889 0.041250 0.113333
0 0.768125 0.791111 0.031250 0.120000
0 0.698750 0.670000 0.025000 0.091111
0 0.753125 0.678889 0.026250 0.068889
0 0.794375 0.695556 0.023750 0.088889
0 0.805000 0.883333 0.035000 0.117778
0 0.862500 0.835556 0.027500 0.106667
0 0.806875 0.787778 0.033750 0.108889
0 0.844375 0.766667 0.028750 0.093333
0 0.834375 0.653333 0.028750 0.088889
0 0.791875 0.602222 0.018750 0.075556
0 0.956875 0.751111 0.033750 0.106667
0 0.883750 0.735556 0.032500 0.097778
0 0.916875 0.773333 0.036250 0.120000
1 0.395625 0.616667 0.066250 0.131111
