0 0.537500 0.921111 0.027500 0.131111
0 0.188125 0.620000 0.028750 0.084444
0 0.230000 0.598889 0.022500 0.077778
0 0.160000 0.681111 0.022500 0.077778
0 0.112500 0.705556 0.022500 0.077778
0 0.075000 0.707778 0.022500 0.077778
0 0.070625 0.845556 0.026250 0.108889
0 0.940625 0.921111 0.026250 0.108889
0 0.806875 0.805556 0.026250 0.108889
0 0.664375 0.683333 0.026250 0.108889
0 0.689375 0.758889 0.026250 0.108889
0 0.898125 0.787778 0.026250 0.108889
0 0.758125 0.803333 0.026250 0.108889
0 0.846875 0.781111 0.026250 0.108889
0 0.921875 0.756667 0.026250 0.108889
0 0.885625 0.716667 0.026250 0.077778
0 0.835625 0.678889 0.021250 0.086667
0 0.805000 0.708889 0.017500 0.080000
0 0.853750 0.621111 0.022500 0.077778
1 0.371875 0.686667 0.071250 0.164444
1 0.206250 0.728889 0.102500 0.177778
1 0.315000 0.622222 0.067500 0.102222
1 0.612500 0.706667 0.062500 0.111111
1 0.639375 0.942222 0.118750 0.115556
