0 0.161250 0.791111 0.037500 0.120000
0 0.226875 0.731111 0.031250 0.120000
0 0.278125 0.563333 0.021250 0.073333
0 0.340625 0.575556 0.021250 0.075556
0 0.642500 0.793333 0.037500 0.120000
0 0.726250 0.780000 0.025000 0.120000
0 0.885625 0.848889 0.036250 0.124444
0 0.833125 0.695556 0.026250 0.088889
0 0.706250 0.682222 0.022500 0.097778
0 0.740625 0.684444 0.033750 0.111111
0 0.770000 0.628889 0.030000 0.080000
0 0.604375 0.640000 0.031250 0.097778
0 0.666875 0.601111 0.023750 0.082222
0 0.696250 0.606667 0.020000 0.084444
0 0.794375 0.570000 0.018750 0.077778
1 0.564375 0.701111 0.066250 0.126667
1 0.394375 0.637778 0.066250 0.146667
1 0.114375 0.614444 0.186250 0.220000
