0 0.046875 0.912222 0.038750 0.153333
0 0.118750 0.878889 0.040000 0.148889
0 0.023750 0.797778 0.035000 0.133333
0 0.177500 0.785556 0.035000 0.131111
0 0.126875 0.746667 0.036250 0.088889
0 0.127500 0.646667 0.032500 0.106667
0 0.186250 0.623333 0.030000 0.108889
0 0.224375 0.636667 0.023750 0.100000
0 0.395000 0.637778 0.027500 0.102222
0 0.271875 0.617778 0.021250 0.102222
0 0.316250 0.555556 0.020000 0.071111
0 0.291250 0.553333 0.022500 0.084444
0 0.609375 0.815556 0.036250 0.137778
0 0.671250 0.860000 0.045000 0.115556
0 0.800000 0.760000 0.032500 0.111111
0 0.905625 0.897778 0.038750 0.142222
0 0.916875 0.735556 0.036250 0.102222
0 0.882500 0.658889 0.032500 0.095556
0 0.837500 0.662222 0.040000 0.093333
0 0.763125 0.683333 0.031250 0.100000
0 0.725625 0.644444 0.026250 0.093333
0 0.696875 0.575556 0.026250 0.066667
0 0.625625 0.593333 0.021250 0.080000
1 0.663125 0.710000 0.078750 0.117778
1 0.588750 0.561111 0.045000 0.091111
1 0.320625 0.654444 0.071250 0.104444
1 0.422500 0.513333 0.047500 0.080000
1 0.270625 0.885556 0.141250 0.228889
1 0.808125 0.916667 0.136250 0.166667
2 0.893750 0.605556 0.015000 0.060000
