0 0.800000 0.603333 0.020000 0.091111
0 0.826875 0.674444 0.021250 0.060000
0 0.888750 0.716667 0.025000 0.113333
0 0.211875 0.745556 0.036250 0.091111
0 0.780625 0.608889 0.023750 0.097778
0 0.353125 0.631111 0.023750 0.097778
0 0.945625 0.870000 0.033750 0.113333
0 0.731875 0.622222 0.023750 0.097778
0 0.601875 0.644444 0.023750 0.097778
0 0.086875 0.908889 0.036250 0.133333
0 0.146250 0.810000 0.040000 0.122222
2 0.258125 0.617778 0.021250 0.093333
2 0.235625 0.602222 0.016250 0.102222
1 0.727500 0.857778 0.107500 0.164444
1 0.656875 0.638889 0.063750 0.095556
1 0.841875 0.778889 0.116250 0.157778
