0 0.284375 0.623333 0.026250 0.091111
0 0.357500 0.585556 0.030000 0.091111
0 0.568125 0.785556 0.026250 0.117778
0 0.596875 0.871111 0.033750 0.120000
0 0.641250 0.861111 0.037500 0.100000
0 0.683125 0.772222 0.026250 0.108889
0 0.720625 0.747778 0.031250 0.104444
0 0.755625 0.852222 0.036250 0.140000
0 0.809375 0.865556 0.028750 0.131111
0 0.864375 0.870000 0.036250 0.122222
0 0.852500 0.787778 0.027500 0.100000
0 0.872500 0.720000 0.027500 0.097778
0 0.795000 0.772222 0.022500 0.082222
0 0.746250 0.673333 0.022500 0.080000
0 0.698750 0.683333 0.025000 0.068889
0 0.567500 0.615556 0.025000 0.084444
