0 0.145625 0.667778 0.021250 0.082222
0 0.173750 0.611111 0.015000 0.075556
0 0.707500 0.872222 0.027500 0.126667
0 0.628750 0.702222 0.035000 0.102222
0 0.670625 0.737778 0.026250 0.102222
0 0.775625 0.692222 0.021250 0.095556
0 0.805000 0.681111 0.025000 0.100000
0 0.909375 0.703333 0.026250 0.095556
0 0.826875 0.824444 0.026250 0.075556
0 0.770000 0.938889 0.032500 0.117778
0 0.839375 0.927778 0.031250 0.126667
0 0.869375 0.820000 0.023750 0.111111
0 0.590625 0.623333 0.026250 0.082222
0 0.543125 0.613333 0.018750 0.075556
0 0.711250 0.616667 0.017500 0.077778
0 0.755625 0.614444 0.023750 0.073333
1 0.608125 0.838889 0.086250 0.184444
1 0.741250 0.753333 0.095000 0.155556
