0 0.941875 0.843333 0.031250 0.117778
0 0.816875 0.770000 0.031250 0.117778
0 0.913125 0.783333 0.031250 0.117778
0 0.884375 0.803333 0.031250 0.117778
0 0.863125 0.827778 0.031250 0.117778
0 0.838125 0.865556 0.031250 0.117778
0 0.751875 0.818889 0.031250 0.117778
0 0.681875 0.861111 0.031250 0.117778
0 0.781875 0.703333 0.026250 0.091111
0 0.895000 0.662222 0.027500 0.097778
0 0.840625 0.743333 0.031250 0.117778
0 0.769375 0.774444 0.031250 0.117778
0 0.774375 0.644444 0.023750 0.075556
0 0.737500 0.648889 0.022500 0.088889
0 0.846875 0.654444 0.026250 0.091111
0 0.337500 0.562222 0.027500 0.097778
0 0.290000 0.608889 0.027500 0.097778
1 0.601250 0.738889 0.075000 0.144444
1 0.688125 0.703333 0.076250 0.108889
1 0.343125 0.805556 0.106250 0.220000
1 0.087500 0.843333 0.150000 0.184444
1 0.674375 0.594444 0.063750 0.100000
2 0.565625 0.630000 0.016250 0.082222
2 0.578750 0.612222 0.012500 0.091111
