0 0.634375 0.713333 0.028750 0.102222
0 0.796250 0.723333 0.030000 0.095556
0 0.843750 0.824444 0.035000 0.115556
0 0.854375 0.718889 0.043750 0.091111
0 0.928750 0.873333 0.047500 0.128889
0 0.898125 0.920000 0.046250 0.133333
0 0.761250 0.655556 0.025000 0.097778
0 0.794375 0.640000 0.031250 0.080000
0 0.831875 0.591111 0.026250 0.071111
0 0.717500 0.622222 0.025000 0.075556
0 0.750625 0.605556 0.018750 0.077778
1 0.571875 0.655556 0.066250 0.106667
1 0.663125 0.623333 0.063750 0.086667
1 0.729375 0.816667 0.111250 0.171111
