0 0.550625 0.615556 0.016250 0.080000
0 0.625625 0.636667 0.028750 0.100000
0 0.696250 0.638889 0.030000 0.095556
0 0.722500 0.664444 0.015000 0.111111
0 0.742500 0.653333 0.022500 0.080000
0 0.750000 0.734444 0.027500 0.095556
0 0.772500 0.713333 0.027500 0.097778
0 0.800625 0.686667 0.031250 0.088889
0 0.851250 0.644444 0.030000 0.084444
0 0.912500 0.802222 0.042500 0.120000
0 0.846875 0.840000 0.036250 0.106667
0 0.958125 0.895556 0.031250 0.124444
2 0.521250 0.607778 0.017500 0.086667
1 0.700000 0.807778 0.107500 0.184444
1 0.205625 0.594444 0.061250 0.108889
1 0.575000 0.516667 0.050000 0.117778
