0 0.931250 0.924444 0.025000 0.124444
0 0.843750 0.864444 0.025000 0.124444
0 0.717500 0.824444 0.025000 0.124444
0 0.795000 0.864444 0.025000 0.124444
0 0.662500 0.851111 0.025000 0.124444
0 0.562500 0.733333 0.022500 0.115556
0 0.771250 0.760000 0.017500 0.106667
0 0.658750 0.686667 0.017500 0.106667
0 0.616250 0.757778 0.022500 0.115556
0 0.268750 0.686667 0.025000 0.124444
0 0.753750 0.665556 0.020000 0.073333
0 0.140000 0.754444 0.027500 0.104444
0 0.173750 0.826667 0.025000 0.124444
0 0.127500 0.638889 0.027500 0.104444
0 0.085000 0.756667 0.027500 0.104444
2 0.222500 0.647778 0.025000 0.104444
2 0.885000 0.647778 0.020000 0.068889
1 0.605000 0.591111 0.045000 0.084444
1 0.853750 0.730000 0.112500 0.126667
