0 0.089375 0.743333 0.028750 0.113333
0 0.573750 0.761111 0.025000 0.122222
0 0.667500 0.868889 0.052500 0.146667
0 0.742500 0.775556 0.035000 0.124444
0 0.793750 0.868889 0.040000 0.155556
0 0.808125 0.734444 0.031250 0.104444
0 0.866875 0.705556 0.026250 0.086667
0 0.674375 0.646667 0.026250 0.097778
0 0.712500 0.660000 0.020000 0.088889
0 0.746875 0.645556 0.016250 0.073333
0 0.789375 0.641111 0.023750 0.068889
2 0.513125 0.602222 0.021250 0.088889
1 0.586875 0.574444 0.061250 0.148889
1 0.646875 0.541111 0.038750 0.064444
