0 0.050625 0.712222 0.033750 0.108889
0 0.168750 0.912222 0.037500 0.148889
0 0.128750 0.683333 0.022500 0.113333
0 0.239375 0.795556 0.031250 0.111111
0 0.148750 0.707778 0.025000 0.091111
0 0.190000 0.653333 0.017500 0.088889
0 0.226250 0.680000 0.030000 0.080000
0 0.180625 0.614444 0.013750 0.077778
0 0.165000 0.585556 0.017500 0.077778
0 0.245000 0.620000 0.022500 0.066667
0 0.723125 0.864444 0.031250 0.120000
0 0.793125 0.844444 0.023750 0.128889
0 0.820625 0.768889 0.041250 0.120000
0 0.917500 0.932222 0.037500 0.122222
0 0.930625 0.714444 0.031250 0.122222
0 0.863125 0.703333 0.041250 0.100000
0 0.738750 0.710000 0.027500 0.100000
0 0.715625 0.763333 0.038750 0.100000
0 0.696250 0.698889 0.030000 0.082222
0 0.765625 0.701111 0.028750 0.100000
0 0.796250 0.657778 0.027500 0.075556
0 0.724375 0.634444 0.028750 0.082222
0 0.687500 0.617778 0.015000 0.071111
1 0.633125 0.777778 0.096250 0.244444
1 0.300625 0.641111 0.076250 0.104444
1 0.398125 0.590000 0.048750 0.122222
1 0.573750 0.553333 0.040000 0.071111
