0 0.142500 0.918889 0.037500 0.144444
0 0.238750 0.853333 0.037500 0.142222
0 0.230000 0.702222 0.037500 0.102222
0 0.266875 0.721111 0.023750 0.131111
0 0.193125 0.632222 0.033750 0.104444
0 0.026250 0.782222 0.042500 0.128889
0 0.256250 0.618889 0.030000 0.086667
0 0.290625 0.678889 0.041250 0.108889
0 0.581875 0.713333 0.033750 0.102222
0 0.796875 0.877778 0.046250 0.133333
0 0.866250 0.776667 0.030000 0.131111
0 0.920625 0.845556 0.036250 0.148889
0 0.826875 0.784444 0.033750 0.102222
0 0.866875 0.656667 0.033750 0.082222
2 0.130000 0.625556 0.022500 0.086667
1 0.388125 0.671111 0.063750 0.120000
1 0.705625 0.722222 0.116250 0.248889
1 0.108750 0.793333 0.162500 0.226667
1 0.312500 0.576667 0.057500 0.095556
1 0.421250 0.515556 0.040000 0.075556
1 0.604375 0.504444 0.048750 0.093333
