0 0.110000 0.848889 0.035000 0.111111
0 0.633750 0.827778 0.027500 0.113333
0 0.593750 0.815556 0.035000 0.111111
0 0.547500 0.780000 0.035000 0.111111
0 0.325000 0.622222 0.035000 0.111111
0 0.272500 0.631111 0.035000 0.111111
0 0.196250 0.786667 0.035000 0.111111
0 0.721250 0.944444 0.035000 0.111111
0 0.556250 0.935556 0.035000 0.111111
0 0.893750 0.697778 0.035000 0.111111
0 0.892500 0.888889 0.035000 0.111111
0 0.833750 0.795556 0.035000 0.111111
0 0.603125 0.726667 0.026250 0.080000
0 0.828750 0.606667 0.035000 0.111111
0 0.807500 0.751111 0.035000 0.111111
0 0.368125 0.584444 0.033750 0.088889
1 0.708750 0.776667 0.095000 0.153333
