0 0.121250 0.688889 0.030000 0.088889
0 0.325000 0.676667 0.040000 0.100000
0 0.233125 0.640000 0.031250 0.106667
0 0.161250 0.657778 0.020000 0.097778
0 0.120625 0.624444 0.023750 0.088889
0 0.198750 0.637778 0.022500 0.120000
0 0.256250 0.581111 0.022500 0.073333
0 0.144375 0.583333 0.028750 0.086667
0 0.559375 0.751111 0.048750 0.124444
0 0.795000 0.865556 0.032500 0.131111
0 0.691875 0.693333 0.028750 0.111111
0 0.661250 0.643333 0.027500 0.104444
0 0.795000 0.756667 0.035000 0.095556
0 0.833125 0.723333 0.038750 0.108889
0 0.715625 0.671111 0.023750 0.084444
0 0.748750 0.653333 0.022500 0.088889
0 0.785625 0.667778 0.026250 0.077778
0 0.720625 0.604444 0.028750 0.088889
0 0.605625 0.577778 0.018750 0.066667
0 0.821250 0.605556 0.025000 0.073333
