0 0.139375 0.880000 0.028750 0.142222
0 0.113750 0.830000 0.027500 0.135556
0 0.113750 0.734444 0.027500 0.095556
0 0.078125 0.734444 0.043750 0.104444
0 0.230000 0.650000 0.032500 0.108889
0 0.241875 0.583333 0.028750 0.086667
0 0.110000 0.633333 0.030000 0.102222
0 0.371250 0.568889 0.022500 0.080000
0 0.297500 0.582222 0.025000 0.048889
0 0.026250 0.888889 0.042500 0.137778
0 0.618750 0.916667 0.045000 0.144444
0 0.619375 0.737778 0.036250 0.128889
0 0.850000 0.860000 0.037500 0.142222
0 0.901250 0.842222 0.042500 0.142222
0 0.781875 0.714444 0.033750 0.100000
0 0.602500 0.651111 0.025000 0.088889
0 0.754375 0.600000 0.026250 0.097778
0 0.840625 0.750000 0.038750 0.082222
0 0.563750 0.584444 0.025000 0.088889
1 0.366875 0.722222 0.078750 0.182222
1 0.741250 0.883333 0.122500 0.206667
1 0.695625 0.678889 0.083750 0.126667
1 0.285000 0.677778 0.080000 0.133333
2 0.875625 0.590000 0.016250 0.095556
