0 0.680625 0.703333 0.026250 0.091111
0 0.618125 0.694444 0.026250 0.091111
0 0.580625 0.721111 0.026250 0.091111
0 0.655625 0.830000 0.026250 0.091111
0 0.050000 0.864444 0.032500 0.120000
0 0.266875 0.585556 0.026250 0.091111
0 0.290625 0.667778 0.026250 0.091111
0 0.110625 0.736667 0.026250 0.104444
0 0.234375 0.787778 0.026250 0.091111
0 0.191875 0.578889 0.026250 0.091111
0 0.561875 0.694444 0.021250 0.082222
0 0.643125 0.658889 0.026250 0.091111
0 0.826875 0.621111 0.026250 0.091111
0 0.893125 0.776667 0.026250 0.091111
0 0.771875 0.672222 0.026250 0.091111
0 0.819375 0.681111 0.026250 0.091111
0 0.818125 0.758889 0.026250 0.091111
0 0.716250 0.924444 0.032500 0.120000
0 0.565000 0.924444 0.030000 0.120000
0 0.300000 0.545556 0.022500 0.082222
1 0.787500 0.881111 0.120000 0.193333
1 0.279375 0.875556 0.153750 0.248889
1 0.133125 0.854444 0.123750 0.148889
1 0.697500 0.624444 0.070000 0.080000
