0 0.608125 0.656667 0.026250 0.086667
0 0.871875 0.741111 0.026250 0.086667
0 0.833125 0.643333 0.026250 0.086667
0 0.896875 0.687778 0.026250 0.086667
0 0.788125 0.750000 0.026250 0.086667
0 0.554375 0.832222 0.031250 0.131111
0 0.724375 0.598889 0.026250 0.086667
0 0.944375 0.936667 0.026250 0.086667
0 0.959375 0.892222 0.026250 0.086667
0 0.979375 0.823333 0.026250 0.086667
0 0.304375 0.647778 0.026250 0.086667
0 0.744375 0.627778 0.026250 0.086667
0 0.248125 0.574444 0.026250 0.086667
0 0.160625 0.643333 0.026250 0.086667
0 0.361875 0.543333 0.026250 0.086667
1 0.760625 0.907778 0.126250 0.171111
1 0.730000 0.733333 0.090000 0.142222
1 0.285625 0.844444 0.161250 0.311111
1 0.166875 0.785556 0.148750 0.224444
2 0.655000 0.644444 0.015000 0.093333
