0 0.668125 0.638889 0.026250 0.091111
0 0.949375 0.758889 0.026250 0.091111
0 0.916250 0.638889 0.025000 0.095556
0 0.782500 0.853333 0.032500 0.120000
0 0.746875 0.860000 0.028750 0.124444
0 0.691875 0.812222 0.026250 0.091111
0 0.325625 0.560000 0.021250 0.071111
0 0.279375 0.567778 0.026250 0.091111
0 0.249375 0.561111 0.026250 0.091111
0 0.195625 0.654444 0.026250 0.091111
0 0.833125 0.933333 0.031250 0.115556
0 0.720625 0.692222 0.026250 0.091111
0 0.724375 0.763333 0.026250 0.091111
0 0.639375 0.590000 0.026250 0.091111
0 0.614375 0.596667 0.026250 0.091111
0 0.688125 0.595556 0.018750 0.080000
0 0.706875 0.624444 0.026250 0.066667
1 0.625625 0.710000 0.063750 0.108889
1 0.285625 0.854444 0.103750 0.188889
1 0.346250 0.605556 0.072500 0.091111
2 0.395625 0.613333 0.011250 0.080000
2 0.421250 0.581111 0.012500 0.077778
1 0.828125 0.668889 0.163750 0.208889
