0 0.163750 0.786667 0.030000 0.124444
0 0.323125 0.808889 0.043750 0.164444
0 0.101875 0.810000 0.038750 0.148889
0 0.240625 0.702222 0.031250 0.120000
0 0.208750 0.685556 0.027500 0.117778
0 0.273750 0.591111 0.027500 0.093333
0 0.146250 0.728889 0.027500 0.120000
0 0.185625 0.655556 0.026250 0.102222
0 0.168750 0.608889 0.025000 0.093333
0 0.635000 0.890000 0.035000 0.135556
0 0.613750 0.732222 0.037500 0.108889
0 0.578750 0.642222 0.025000 0.111111
0 0.826250 0.798889 0.045000 0.131111
0 0.958125 0.745556 0.043750 0.113333
0 0.913125 0.894444 0.053750 0.148889
0 0.874375 0.753333 0.041250 0.115556
0 0.725000 0.610000 0.027500 0.086667
0 0.814375 0.623333 0.031250 0.086667
1 0.727500 0.751111 0.105000 0.168889
1 0.229375 0.887778 0.106250 0.224444
1 0.397500 0.606667 0.055000 0.133333
1 0.328125 0.597778 0.058750 0.128889
1 0.580000 0.510000 0.037500 0.068889
2 0.881250 0.601111 0.020000 0.091111
