0 0.604375 0.810000 0.031250 0.126667
0 0.753750 0.775556 0.027500 0.097778
0 0.756875 0.876667 0.031250 0.131111
0 0.878750 0.842222 0.032500 0.133333
0 0.783125 0.725556 0.026250 0.100000
0 0.742500 0.657778 0.027500 0.097778
0 0.766875 0.633333 0.026250 0.088889
0 0.850625 0.696667 0.031250 0.104444
0 0.800625 0.667778 0.028750 0.073333
0 0.950000 0.842222 0.035000 0.133333
0 0.818125 0.797778 0.038750 0.088889
0 0.818750 0.860000 0.045000 0.088889
2 0.549375 0.623333 0.021250 0.086667
1 0.669375 0.698889 0.081250 0.140000
1 0.187500 0.641111 0.077500 0.144444
