0 0.682500 0.624444 0.025000 0.097778
0 0.576250 0.811111 0.025000 0.097778
0 0.638750 0.737778 0.025000 0.097778
0 0.615000 0.628889 0.025000 0.097778
0 0.552500 0.653333 0.025000 0.097778
0 0.865000 0.883333 0.032500 0.126667
0 0.888750 0.715556 0.025000 0.097778
0 0.801250 0.800000 0.025000 0.097778
0 0.681875 0.867778 0.028750 0.104444
0 0.631250 0.844444 0.025000 0.097778
0 0.793750 0.722222 0.025000 0.097778
0 0.808125 0.941111 0.036250 0.104444
0 0.881875 0.643333 0.023750 0.086667
0 0.856250 0.671111 0.025000 0.097778
0 0.806250 0.661111 0.022500 0.086667
