0 0.164375 0.688889 0.026250 0.088889
0 0.131875 0.686667 0.026250 0.088889
0 0.130625 0.611111 0.026250 0.088889
0 0.203125 0.577778 0.026250 0.088889
0 0.286875 0.602222 0.026250 0.088889
0 0.241875 0.660000 0.026250 0.088889
0 0.161875 0.808889 0.026250 0.088889
0 0.218125 0.748889 0.026250 0.088889
0 0.206875 0.682222 0.026250 0.088889
0 0.641875 0.822222 0.026250 0.088889
0 0.530625 0.680000 0.026250 0.088889
0 0.106875 0.824444 0.026250 0.120000
0 0.901875 0.713333 0.026250 0.088889
0 0.794375 0.815556 0.026250 0.088889
0 0.681875 0.860000 0.026250 0.088889
0 0.726875 0.677778 0.026250 0.088889
0 0.803125 0.673333 0.026250 0.088889
0 0.784375 0.702222 0.026250 0.088889
0 0.975000 0.882222 0.030000 0.106667
0 0.855625 0.848889 0.026250 0.088889
0 0.756875 0.653333 0.026250 0.088889
0 0.644375 0.686667 0.026250 0.088889
0 0.620625 0.615556 0.026250 0.088889
0 0.910625 0.873333 0.026250 0.088889
0 0.875625 0.788889 0.026250 0.088889
0 0.590000 0.833333 0.032500 0.115556
0 0.689375 0.606667 0.026250 0.088889
0 0.665625 0.608889 0.026250 0.088889
1 0.736250 0.835556 0.105000 0.177778
1 0.374375 0.655556 0.093750 0.262222
2 0.819375 0.650000 0.016250 0.086667
1 0.582500 0.730000 0.070000 0.095556
