0 0.546250 0.617778 0.025000 0.097778
0 0.821875 0.830000 0.041250 0.122222
0 0.750000 0.871111 0.032500 0.133333
0 0.821250 0.622222 0.025000 0.097778
0 0.846250 0.644444 0.025000 0.097778
0 0.860000 0.673333 0.025000 0.097778
0 0.901250 0.673333 0.025000 0.097778
0 0.650000 0.762222 0.025000 0.097778
0 0.613750 0.740000 0.025000 0.097778
0 0.575000 0.740000 0.025000 0.097778
0 0.880625 0.610000 0.023750 0.082222
0 0.981875 0.874444 0.028750 0.135556
0 0.890000 0.827778 0.035000 0.117778
1 0.704375 0.723333 0.088750 0.135556
