0 0.160000 0.617778 0.025000 0.093333
0 0.098750 0.660000 0.025000 0.080000
0 0.142500 0.684444 0.025000 0.093333
0 0.190000 0.713333 0.025000 0.093333
0 0.108750 0.737778 0.025000 0.093333
0 0.117500 0.822222 0.025000 0.093333
0 0.030000 0.804444 0.025000 0.093333
0 0.563125 0.814444 0.026250 0.122222
0 0.545000 0.660000 0.025000 0.093333
0 0.346250 0.620000 0.025000 0.093333
0 0.207500 0.600000 0.025000 0.093333
0 0.816250 0.848889 0.025000 0.093333
0 0.820000 0.670000 0.022500 0.073333
0 0.692500 0.891111 0.025000 0.093333
0 0.848125 0.810000 0.026250 0.122222
0 0.861875 0.930000 0.026250 0.122222
0 0.885625 0.892222 0.026250 0.122222
0 0.778750 0.871111 0.025000 0.093333
0 0.616875 0.942222 0.023750 0.106667
0 0.811250 0.735556 0.025000 0.093333
0 0.768750 0.717778 0.025000 0.093333
0 0.787500 0.773333 0.025000 0.093333
2 0.509375 0.622222 0.026250 0.093333
1 0.612500 0.753333 0.072500 0.137778
1 0.376250 0.670000 0.057500 0.153333
1 0.270625 0.694444 0.091250 0.140000
1 0.701250 0.698889 0.097500 0.188889
