0 0.312500 0.831111 0.035000 0.133333
0 0.255625 0.635556 0.026250 0.097778
0 0.305000 0.627778 0.027500 0.086667
0 0.186250 0.733333 0.027500 0.111111
0 0.232500 0.773333 0.027500 0.111111
0 0.233750 0.697778 0.027500 0.111111
0 0.081250 0.800000 0.027500 0.111111
0 0.158125 0.712222 0.018750 0.100000
0 0.145000 0.902222 0.027500 0.111111
0 0.231250 0.893333 0.027500 0.111111
0 0.724375 0.846667 0.033750 0.120000
0 0.708750 0.924444 0.027500 0.111111
0 0.553125 0.864444 0.028750 0.124444
0 0.093750 0.643333 0.025000 0.073333
0 0.732500 0.638889 0.030000 0.091111
0 0.896250 0.672222 0.017500 0.086667
0 0.852500 0.722222 0.027500 0.111111
0 0.813125 0.743333 0.026250 0.100000
0 0.887500 0.842222 0.027500 0.111111
0 0.811250 0.662222 0.025000 0.080000
0 0.535000 0.687778 0.030000 0.091111
0 0.780000 0.656667 0.030000 0.091111
0 0.825625 0.614444 0.021250 0.068889
0 0.693750 0.610000 0.030000 0.091111
0 0.381875 0.578889 0.021250 0.064444
0 0.176250 0.603333 0.025000 0.086667
1 0.603750 0.800000 0.080000 0.173333
1 0.683750 0.721111 0.085000 0.135556
2 0.874375 0.612222 0.013750 0.082222
