0 0.149375 0.773333 0.038750 0.146667
0 0.332500 0.662222 0.037500 0.111111
0 0.191875 0.657778 0.026250 0.075556
0 0.255000 0.672222 0.040000 0.073333
0 0.254375 0.605556 0.031250 0.073333
0 0.215000 0.545556 0.020000 0.068889
0 0.241875 0.550000 0.021250 0.082222
0 0.278125 0.573333 0.026250 0.088889
0 0.593125 0.741111 0.048750 0.135556
0 0.791875 0.745556 0.036250 0.113333
0 0.893750 0.893333 0.067500 0.137778
0 0.845625 0.745556 0.036250 0.117778
0 0.873125 0.681111 0.053750 0.100000
0 0.745000 0.656667 0.032500 0.086667
0 0.785625 0.645556 0.023750 0.086667
0 0.603125 0.644444 0.043750 0.093333
1 0.698750 0.753333 0.097500 0.146667
1 0.671250 0.615556 0.072500 0.097778
1 0.319375 0.888889 0.108750 0.222222
1 0.224375 0.803333 0.113750 0.193333
2 0.866250 0.582222 0.020000 0.084444
