0 0.056250 0.840000 0.037500 0.142222
0 0.108750 0.862222 0.042500 0.142222
0 0.111875 0.682222 0.026250 0.097778
0 0.151875 0.706667 0.031250 0.111111
0 0.210000 0.722222 0.032500 0.106667
0 0.240625 0.758889 0.028750 0.122222
0 0.270625 0.653333 0.026250 0.088889
0 0.234375 0.630000 0.023750 0.086667
0 0.170625 0.628889 0.023750 0.080000
0 0.319375 0.612222 0.026250 0.082222
0 0.385000 0.578889 0.027500 0.082222
0 0.204375 0.580000 0.026250 0.084444
0 0.690000 0.726667 0.030000 0.128889
0 0.736250 0.722222 0.027500 0.106667
0 0.768750 0.785556 0.030000 0.104444
0 0.833750 0.757778 0.030000 0.102222
0 0.801250 0.876667 0.037500 0.135556
0 0.864375 0.915556 0.043750 0.124444
0 0.887500 0.853333 0.045000 0.120000
0 0.800000 0.700000 0.025000 0.106667
0 0.827500 0.640000 0.032500 0.106667
1 0.596250 0.626667 0.055000 0.102222
1 0.644375 0.577778 0.051250 0.075556
