0 0.608125 0.733333 0.023750 0.115556
0 0.795000 0.886667 0.027500 0.124444
0 0.640000 0.714444 0.020000 0.108889
0 0.673125 0.711111 0.023750 0.106667
0 0.850000 0.882222 0.027500 0.124444
0 0.897500 0.853333 0.027500 0.124444
0 0.957500 0.922222 0.027500 0.124444
0 0.733125 0.711111 0.028750 0.106667
0 0.900000 0.726667 0.025000 0.093333
0 0.545000 0.633333 0.027500 0.088889
0 0.769375 0.704444 0.028750 0.106667
0 0.736250 0.645556 0.017500 0.091111
0 0.711250 0.650000 0.020000 0.100000
0 0.246250 0.584444 0.027500 0.088889
2 0.135000 0.680000 0.035000 0.093333
2 0.857500 0.625556 0.020000 0.064444
2 0.886875 0.645556 0.018750 0.068889
1 0.819375 0.673333 0.063750 0.111111
