0 0.267500 0.605556 0.025000 0.091111
0 0.237500 0.596667 0.025000 0.091111
0 0.191250 0.592222 0.025000 0.091111
0 0.221250 0.832222 0.025000 0.091111
0 0.247500 0.747778 0.025000 0.091111
0 0.162500 0.814444 0.025000 0.091111
0 0.597500 0.852222 0.025000 0.091111
0 0.572500 0.714444 0.025000 0.091111
0 0.306250 0.592222 0.025000 0.091111
0 0.288750 0.658889 0.025000 0.091111
0 0.733750 0.834444 0.025000 0.091111
0 0.693750 0.796667 0.025000 0.091111
0 0.623750 0.787778 0.025000 0.091111
0 0.655000 0.703333 0.025000 0.091111
0 0.767500 0.707778 0.025000 0.091111
0 0.722500 0.714444 0.025000 0.091111
0 0.762500 0.785556 0.025000 0.091111
0 0.818750 0.830000 0.025000 0.091111
0 0.871250 0.678889 0.025000 0.091111
0 0.628750 0.714444 0.025000 0.091111
0 0.792500 0.638889 0.025000 0.091111
0 0.821250 0.610000 0.025000 0.091111
0 0.956250 0.745556 0.025000 0.091111
0 0.701250 0.661111 0.025000 0.091111
1 0.369375 0.622222 0.076250 0.133333
1 0.883125 0.824444 0.108750 0.155556
