0 0.835625 0.603333 0.013750 0.077778
0 0.760625 0.680000 0.023750 0.097778
0 0.661875 0.756667 0.026250 0.117778
0 0.718750 0.711111 0.022500 0.102222
0 0.754375 0.812222 0.021250 0.117778
0 0.703125 0.843333 0.028750 0.117778
0 0.793750 0.797778 0.035000 0.111111
0 0.836875 0.898889 0.046250 0.171111
0 0.660625 0.664444 0.023750 0.075556
0 0.533125 0.658889 0.016250 0.077778
0 0.685000 0.734444 0.022500 0.100000
0 0.689375 0.632222 0.018750 0.073333
0 0.648125 0.608889 0.023750 0.066667
1 0.592500 0.681111 0.072500 0.148889
