0 0.565625 0.745556 0.021250 0.104444
0 0.623125 0.788889 0.031250 0.111111
0 0.781875 0.831111 0.036250 0.120000
0 0.911250 0.806667 0.037500 0.115556
0 0.905625 0.916667 0.038750 0.131111
0 0.797500 0.760000 0.025000 0.097778
0 0.798750 0.690000 0.025000 0.073333
0 0.617500 0.705556 0.025000 0.082222
0 0.583125 0.683333 0.021250 0.091111
0 0.569375 0.615556 0.023750 0.075556
0 0.740625 0.617778 0.016250 0.080000
0 0.806250 0.622222 0.017500 0.084444
0 0.780625 0.630000 0.016250 0.086667
0 0.759375 0.606667 0.021250 0.093333
0 0.669375 0.586667 0.016250 0.066667
1 0.678125 0.686667 0.086250 0.115556
