0 0.726250 0.770000 0.027500 0.113333
0 0.706250 0.907778 0.027500 0.113333
0 0.151250 0.670000 0.027500 0.113333
0 0.885000 0.827778 0.027500 0.113333
0 0.823750 0.730000 0.027500 0.113333
0 0.776250 0.778889 0.027500 0.113333
0 0.973750 0.916667 0.027500 0.113333
0 0.856250 0.887778 0.027500 0.113333
0 0.920000 0.736667 0.027500 0.113333
0 0.801250 0.694444 0.027500 0.113333
0 0.848750 0.696667 0.027500 0.113333
0 0.702500 0.678889 0.027500 0.113333
2 0.879375 0.610000 0.018750 0.100000
2 0.916250 0.604444 0.020000 0.084444
1 0.627500 0.685556 0.070000 0.166667
