0 0.271250 0.931111 0.047500 0.137778
0 0.224375 0.575556 0.031250 0.088889
0 0.552500 0.648889 0.030000 0.093333
0 0.714375 0.795556 0.043750 0.115556
0 0.778750 0.897778 0.032500 0.151111
0 0.928750 0.875556 0.040000 0.133333
0 0.873750 0.914444 0.060000 0.131111
0 0.746875 0.756667 0.028750 0.117778
0 0.785000 0.747778 0.030000 0.117778
0 0.830625 0.754444 0.026250 0.117778
0 0.865000 0.756667 0.035000 0.108889
0 0.735000 0.670000 0.022500 0.068889
0 0.799375 0.682222 0.026250 0.080000
0 0.613125 0.626667 0.033750 0.080000
1 0.625000 0.805556 0.097500 0.260000
1 0.670625 0.625556 0.056250 0.100000
2 0.508125 0.602222 0.018750 0.088889
