0 0.553125 0.728889 0.026250 0.093333
0 0.113125 0.635556 0.026250 0.093333
0 0.015625 0.757778 0.026250 0.093333
0 0.196875 0.631111 0.026250 0.093333
0 0.095625 0.851111 0.026250 0.093333
0 0.170625 0.695556 0.026250 0.093333
0 0.265625 0.651111 0.026250 0.093333
0 0.224375 0.751111 0.026250 0.093333
0 0.875625 0.822222 0.026250 0.093333
0 0.839375 0.862222 0.026250 0.093333
0 0.791875 0.817778 0.026250 0.093333
0 0.550625 0.926667 0.026250 0.093333
0 0.926875 0.777778 0.026250 0.093333
0 0.830625 0.768889 0.026250 0.093333
0 0.911875 0.820000 0.026250 0.093333
0 0.238125 0.584444 0.026250 0.093333
0 0.946875 0.751111 0.026250 0.093333
0 0.873125 0.720000 0.026250 0.093333
0 0.853125 0.748889 0.026250 0.093333
0 0.946875 0.895556 0.026250 0.093333
0 0.927500 0.948889 0.035000 0.102222
0 0.560625 0.646667 0.026250 0.093333
0 0.535625 0.684444 0.026250 0.093333
0 0.090625 0.782222 0.026250 0.093333
0 0.041875 0.768889 0.026250 0.093333
1 0.621250 0.736667 0.092500 0.282222
1 0.700625 0.702222 0.051250 0.111111
