0 0.696250 0.756667 0.027500 0.104444
0 0.727500 0.752222 0.027500 0.104444
0 0.920000 0.810000 0.027500 0.104444
0 0.973750 0.807778 0.027500 0.104444
0 0.951250 0.885556 0.027500 0.104444
0 0.851250 0.885556 0.027500 0.104444
0 0.787500 0.807778 0.027500 0.104444
0 0.872500 0.676667 0.027500 0.104444
0 0.902500 0.674444 0.027500 0.104444
0 0.983750 0.694444 0.027500 0.104444
0 0.685625 0.657778 0.021250 0.080000
0 0.673750 0.687778 0.022500 0.091111
0 0.648750 0.574444 0.020000 0.086667
0 0.705625 0.613333 0.016250 0.080000
0 0.674375 0.576667 0.018750 0.077778
0 0.264375 0.577778 0.028750 0.080000
0 0.177500 0.645556 0.027500 0.104444
0 0.093750 0.796667 0.027500 0.104444
0 0.197500 0.696667 0.027500 0.104444
0 0.256250 0.658889 0.027500 0.104444
2 0.370000 0.614444 0.015000 0.086667
1 0.308750 0.700000 0.082500 0.137778
1 0.616250 0.643333 0.050000 0.104444
1 0.791875 0.611111 0.131250 0.164444
1 0.742500 0.946667 0.110000 0.106667
