0 0.170000 0.831111 0.040000 0.142222
0 0.295625 0.732222 0.031250 0.126667
0 0.225625 0.674444 0.021250 0.095556
0 0.280625 0.592222 0.026250 0.091111
0 0.360625 0.586667 0.018750 0.088889
0 0.310000 0.582222 0.020000 0.093333
0 0.565625 0.867778 0.036250 0.126667
0 0.702500 0.861111 0.030000 0.135556
0 0.796875 0.861111 0.046250 0.140000
0 0.915625 0.736667 0.041250 0.100000
0 0.779375 0.744444 0.026250 0.106667
0 0.821875 0.752222 0.028750 0.100000
0 0.733750 0.713333 0.030000 0.102222
0 0.798125 0.687778 0.023750 0.086667
0 0.765625 0.642222 0.026250 0.084444
0 0.615625 0.688889 0.028750 0.106667
0 0.686875 0.618889 0.021250 0.073333
1 0.570625 0.751111 0.076250 0.120000
