0 0.175625 0.601111 0.028750 0.095556
0 0.096875 0.661111 0.028750 0.095556
0 0.126875 0.801111 0.028750 0.095556
0 0.126875 0.696667 0.028750 0.095556
0 0.154375 0.643333 0.028750 0.095556
0 0.239375 0.661111 0.028750 0.095556
0 0.273125 0.621111 0.028750 0.095556
0 0.296875 0.650000 0.028750 0.095556
0 0.341875 0.625556 0.028750 0.095556
0 0.384375 0.645556 0.028750 0.095556
0 0.214375 0.727778 0.028750 0.095556
0 0.598125 0.692222 0.028750 0.095556
0 0.620625 0.750000 0.028750 0.095556
0 0.590625 0.801111 0.028750 0.095556
0 0.543125 0.741111 0.028750 0.095556
0 0.200625 0.603333 0.028750 0.095556
0 0.644375 0.716667 0.028750 0.095556
0 0.655625 0.847778 0.028750 0.095556
0 0.630000 0.920000 0.035000 0.120000
0 0.893125 0.922222 0.036250 0.133333
0 0.876875 0.810000 0.028750 0.095556
0 0.815000 0.894444 0.040000 0.135556
0 0.899375 0.670000 0.028750 0.095556
0 0.796875 0.727778 0.028750 0.095556
0 0.935000 0.862222 0.035000 0.097778
0 0.841875 0.676667 0.028750 0.095556
0 0.810000 0.670000 0.027500 0.095556
0 0.870625 0.745556 0.028750 0.095556
0 0.948750 0.773333 0.035000 0.097778
0 0.688125 0.661111 0.028750 0.095556
0 0.819375 0.792222 0.028750 0.095556
1 0.730625 0.795556 0.098750 0.168889
2 0.399375 0.861111 0.028750 0.140000
