0 0.761875 0.655556 0.028750 0.093333
0 0.733125 0.662222 0.028750 0.093333
0 0.541875 0.613333 0.028750 0.093333
0 0.606875 0.662222 0.028750 0.093333
0 0.645625 0.682222 0.028750 0.093333
0 0.673125 0.771111 0.028750 0.093333
0 0.858125 0.753333 0.028750 0.093333
0 0.934375 0.808889 0.028750 0.093333
0 0.918125 0.711111 0.028750 0.093333
0 0.778125 0.720000 0.028750 0.093333
0 0.806875 0.660000 0.028750 0.093333
0 0.861875 0.673333 0.028750 0.093333
0 0.821875 0.760000 0.028750 0.093333
0 0.836875 0.851111 0.028750 0.093333
0 0.135625 0.851111 0.028750 0.093333
0 0.580625 0.602222 0.028750 0.093333
0 0.036875 0.880000 0.028750 0.093333
0 0.183125 0.662222 0.028750 0.093333
0 0.058125 0.802222 0.028750 0.093333
0 0.925625 0.888889 0.028750 0.093333
1 0.766875 0.855556 0.116250 0.173333
1 0.388125 0.618889 0.083750 0.228889
2 0.699375 0.638889 0.016250 0.091111
1 0.295000 0.592222 0.080000 0.148889
