0 0.138750 0.723333 0.027500 0.113333
0 0.957500 0.778889 0.027500 0.113333
0 0.915000 0.807778 0.027500 0.113333
0 0.555000 0.578889 0.027500 0.113333
0 0.840000 0.710000 0.027500 0.086667
0 0.983750 0.927778 0.027500 0.117778
0 0.786250 0.627778 0.025000 0.077778
0 0.816875 0.667778 0.028750 0.082222
0 0.805000 0.581111 0.025000 0.077778
2 0.093750 0.671111 0.025000 0.097778
1 0.576875 0.815556 0.083750 0.164444
1 0.734375 0.774444 0.188750 0.437778
1 0.903750 0.945556 0.127500 0.108889
2 0.913125 0.651111 0.018750 0.080000
2 0.926250 0.650000 0.012500 0.086667
