0 0.959375 0.747778 0.028750 0.113333
0 0.901875 0.814444 0.028750 0.113333
0 0.666875 0.772222 0.028750 0.113333
0 0.614375 0.810000 0.028750 0.113333
0 0.549375 0.916667 0.028750 0.113333
0 0.630625 0.876667 0.028750 0.113333
0 0.525625 0.692222 0.028750 0.113333
0 0.930000 0.927778 0.035000 0.126667
0 0.889375 0.625556 0.028750 0.113333
0 0.854375 0.632222 0.028750 0.113333
0 0.691875 0.667778 0.028750 0.113333
0 0.680000 0.862222 0.027500 0.106667
0 0.825625 0.627778 0.026250 0.095556
0 0.261875 0.681111 0.048750 0.104444
1 0.592500 0.675556 0.092500 0.173333
1 0.782500 0.834444 0.137500 0.268889
