0 0.176250 0.751111 0.030000 0.124444
0 0.281875 0.666667 0.031250 0.097778
0 0.226875 0.634444 0.021250 0.104444
0 0.205625 0.610000 0.018750 0.091111
0 0.313750 0.594444 0.025000 0.073333
0 0.360625 0.585556 0.023750 0.082222
0 0.262500 0.587778 0.022500 0.091111
0 0.098750 0.656667 0.027500 0.113333
0 0.658125 0.764444 0.026250 0.097778
0 0.735000 0.855556 0.040000 0.120000
0 0.760625 0.776667 0.031250 0.108889
0 0.820000 0.846667 0.032500 0.128889
0 0.883750 0.784444 0.027500 0.111111
0 0.741875 0.700000 0.018750 0.080000
0 0.649375 0.698889 0.023750 0.095556
0 0.785000 0.694444 0.020000 0.104444
0 0.824375 0.767778 0.041250 0.095556
0 0.609375 0.632222 0.018750 0.091111
0 0.753750 0.661111 0.025000 0.077778
0 0.891875 0.711111 0.031250 0.102222
0 0.941250 0.730000 0.027500 0.122222
1 0.580625 0.766667 0.078750 0.155556
