0 0.099375 0.706667 0.026250 0.093333
0 0.075625 0.691111 0.026250 0.093333
0 0.159375 0.702222 0.026250 0.093333
0 0.180625 0.708889 0.026250 0.093333
0 0.115625 0.735556 0.026250 0.093333
0 0.296875 0.837778 0.026250 0.093333
0 0.134375 0.843333 0.026250 0.126667
0 0.244375 0.822222 0.026250 0.093333
0 0.028125 0.757778 0.026250 0.093333
0 0.050625 0.788889 0.026250 0.093333
0 0.858125 0.938889 0.031250 0.122222
0 0.809375 0.875556 0.026250 0.093333
0 0.765625 0.887778 0.033750 0.117778
0 0.534375 0.735556 0.026250 0.093333
0 0.550625 0.802222 0.026250 0.093333
0 0.881875 0.812222 0.033750 0.117778
0 0.850625 0.830000 0.033750 0.117778
0 0.940625 0.872222 0.033750 0.117778
0 0.905625 0.910000 0.033750 0.117778
0 0.791875 0.794444 0.033750 0.117778
0 0.834375 0.736667 0.033750 0.117778
0 0.215625 0.633333 0.026250 0.093333
0 0.284375 0.631111 0.026250 0.093333
0 0.158125 0.568889 0.026250 0.093333
0 0.146875 0.662222 0.026250 0.093333
1 0.636875 0.811111 0.118750 0.324444
