0 0.558125 0.884444 0.031250 0.115556
0 0.548125 0.725556 0.031250 0.100000
0 0.590625 0.771111 0.031250 0.115556
0 0.761875 0.904444 0.031250 0.115556
0 0.690625 0.902222 0.031250 0.115556
0 0.155625 0.660000 0.028750 0.093333
0 0.304375 0.708889 0.031250 0.115556
0 0.268125 0.586667 0.028750 0.093333
0 0.876875 0.933333 0.031250 0.097778
0 0.821875 0.835556 0.031250 0.097778
0 0.699375 0.777778 0.031250 0.097778
0 0.795625 0.747778 0.031250 0.100000
0 0.739375 0.823333 0.031250 0.100000
0 0.815625 0.950000 0.031250 0.100000
0 0.839375 0.710000 0.031250 0.100000
0 0.735000 0.685556 0.022500 0.100000
0 0.715000 0.710000 0.022500 0.086667
0 0.789375 0.644444 0.023750 0.084444
0 0.698125 0.648889 0.023750 0.084444
0 0.546875 0.648889 0.023750 0.084444
0 0.581875 0.640000 0.023750 0.084444
1 0.631875 0.704444 0.068750 0.115556
1 0.921875 0.807778 0.128750 0.157778
2 0.308750 0.625556 0.022500 0.077778
2 0.879375 0.654444 0.016250 0.064444
2 0.858750 0.626667 0.015000 0.084444
