0 0.100625 0.692222 0.028750 0.095556
0 0.144375 0.694444 0.028750 0.095556
0 0.191875 0.705556 0.028750 0.095556
0 0.249375 0.676667 0.028750 0.095556
0 0.305625 0.623333 0.028750 0.095556
0 0.331875 0.647778 0.028750 0.095556
0 0.371875 0.614444 0.028750 0.095556
0 0.293125 0.738889 0.028750 0.095556
0 0.330625 0.854444 0.028750 0.095556
0 0.115625 0.928889 0.041250 0.120000
0 0.140625 0.794444 0.028750 0.095556
0 0.059375 0.765556 0.028750 0.095556
0 0.423125 0.561111 0.023750 0.073333
0 0.210625 0.610000 0.028750 0.095556
0 0.156875 0.612222 0.023750 0.073333
0 0.579375 0.734444 0.028750 0.095556
0 0.791875 0.798889 0.028750 0.095556
0 0.675625 0.930000 0.031250 0.131111
0 0.605625 0.830000 0.028750 0.095556
0 0.553750 0.895556 0.035000 0.115556
0 0.540625 0.663333 0.028750 0.095556
0 0.953125 0.843333 0.028750 0.095556
0 0.890625 0.785556 0.028750 0.095556
0 0.981875 0.767778 0.028750 0.095556
0 0.866875 0.945556 0.028750 0.095556
0 0.846875 0.814444 0.028750 0.095556
0 0.623125 0.756667 0.028750 0.095556
0 0.912500 0.935556 0.027500 0.115556
0 0.865625 0.661111 0.028750 0.095556
0 0.834375 0.741111 0.028750 0.095556
0 0.900625 0.714444 0.028750 0.095556
2 0.407500 0.825556 0.022500 0.126667
