0 0.678125 0.751111 0.031250 0.097778
0 0.824375 0.864444 0.031250 0.097778
0 0.743125 0.757778 0.031250 0.097778
0 0.761875 0.884444 0.031250 0.097778
0 0.713125 0.922222 0.031250 0.097778
0 0.621875 0.862222 0.031250 0.097778
0 0.569375 0.768889 0.031250 0.097778
0 0.086875 0.842222 0.031250 0.097778
0 0.114375 0.748889 0.031250 0.097778
0 0.190625 0.768889 0.031250 0.097778
0 0.319375 0.788889 0.031250 0.097778
0 0.205000 0.562222 0.027500 0.084444
0 0.260625 0.582222 0.031250 0.097778
0 0.198125 0.626667 0.031250 0.097778
0 0.854375 0.762222 0.031250 0.097778
0 0.636875 0.677778 0.031250 0.097778
0 0.564375 0.677778 0.031250 0.097778
0 0.600625 0.695556 0.031250 0.097778
0 0.910625 0.837778 0.031250 0.097778
0 0.880625 0.857778 0.031250 0.097778
0 0.805625 0.780000 0.031250 0.097778
0 0.859375 0.673333 0.031250 0.097778
0 0.775625 0.735556 0.031250 0.097778
0 0.953125 0.775556 0.031250 0.097778
0 0.819375 0.673333 0.031250 0.097778
0 0.715625 0.664444 0.031250 0.097778
0 0.686875 0.668889 0.031250 0.097778
0 0.748125 0.655556 0.031250 0.097778
1 0.350000 0.628889 0.080000 0.142222
1 0.143750 0.913333 0.137500 0.173333
