0 0.174375 0.665556 0.026250 0.086667
0 0.391875 0.667778 0.031250 0.108889
0 0.333125 0.718889 0.031250 0.108889
0 0.294375 0.685556 0.031250 0.108889
0 0.095625 0.714444 0.031250 0.108889
0 0.180625 0.732222 0.031250 0.108889
0 0.245625 0.745556 0.031250 0.108889
0 0.284375 0.812222 0.031250 0.108889
0 0.085625 0.863333 0.031250 0.108889
0 0.040625 0.834444 0.031250 0.108889
0 0.089375 0.656667 0.026250 0.086667
0 0.155625 0.647778 0.026250 0.086667
0 0.201875 0.618889 0.026250 0.086667
0 0.235625 0.603333 0.026250 0.086667
0 0.543125 0.761111 0.031250 0.108889
0 0.846875 0.807778 0.031250 0.108889
0 0.810625 0.810000 0.031250 0.108889
0 0.579375 0.741111 0.031250 0.108889
0 0.653125 0.805556 0.031250 0.108889
0 0.675625 0.921111 0.031250 0.108889
0 0.551875 0.918889 0.031250 0.108889
0 0.905625 0.776667 0.031250 0.108889
0 0.876875 0.803333 0.031250 0.108889
0 0.858125 0.923333 0.031250 0.108889
0 0.620625 0.658889 0.026250 0.082222
0 0.958125 0.832222 0.031250 0.108889
0 0.536875 0.627778 0.031250 0.108889
0 0.569375 0.671111 0.021250 0.102222
1 0.715000 0.733333 0.082500 0.137778
