0 0.112500 0.841111 0.032500 0.135556
0 0.320625 0.708889 0.031250 0.111111
0 0.147500 0.677778 0.027500 0.097778
0 0.103125 0.674444 0.023750 0.077778
0 0.096875 0.752222 0.023750 0.091111
0 0.201875 0.653333 0.023750 0.093333
0 0.354375 0.648889 0.026250 0.097778
0 0.249375 0.610000 0.026250 0.086667
0 0.890625 0.830000 0.036250 0.122222
0 0.960625 0.668889 0.033750 0.093333
0 0.715000 0.726667 0.027500 0.111111
0 0.828125 0.743333 0.028750 0.104444
0 0.735625 0.685556 0.023750 0.100000
0 0.778750 0.690000 0.027500 0.095556
0 0.805625 0.603333 0.023750 0.077778
0 0.756875 0.592222 0.018750 0.077778
0 0.710000 0.612222 0.025000 0.073333
0 0.621875 0.622222 0.021250 0.097778
0 0.606250 0.574444 0.017500 0.068889
1 0.568125 0.648889 0.063750 0.093333
1 0.656250 0.598889 0.052500 0.082222
1 0.618125 0.867778 0.093750 0.193333
1 0.748125 0.906667 0.121250 0.182222
1 0.228750 0.758889 0.120000 0.197778
