0 0.121250 0.932222 0.030000 0.131111
0 0.240000 0.710000 0.017500 0.104444
0 0.205625 0.656667 0.016250 0.077778
0 0.183125 0.623333 0.018750 0.082222
0 0.131875 0.617778 0.026250 0.093333
0 0.661875 0.746667 0.023750 0.115556
0 0.539375 0.780000 0.033750 0.111111
0 0.765625 0.875556 0.026250 0.133333
0 0.710000 0.727778 0.027500 0.108889
0 0.632500 0.678889 0.025000 0.091111
0 0.755625 0.721111 0.023750 0.095556
0 0.966250 0.757778 0.030000 0.111111
0 0.871250 0.868889 0.032500 0.133333
0 0.915000 0.820000 0.032500 0.120000
0 0.836250 0.777778 0.025000 0.115556
0 0.780000 0.810000 0.025000 0.113333
0 0.789375 0.720000 0.018750 0.088889
0 0.866875 0.700000 0.028750 0.093333
0 0.734375 0.657778 0.021250 0.075556
1 0.600625 0.798889 0.078750 0.175556
1 0.671875 0.603333 0.068750 0.100000
