0 0.318750 0.745556 0.022500 0.091111
0 0.611250 0.854444 0.025000 0.131111
0 0.668750 0.714444 0.022500 0.091111
0 0.562500 0.672222 0.022500 0.091111
0 0.136250 0.647778 0.022500 0.091111
0 0.222500 0.636667 0.022500 0.091111
0 0.190000 0.687778 0.022500 0.091111
0 0.538750 0.676667 0.022500 0.091111
0 0.246250 0.747778 0.022500 0.091111
0 0.206875 0.865556 0.021250 0.135556
0 0.151250 0.741111 0.022500 0.091111
0 0.038750 0.754444 0.022500 0.091111
0 0.338125 0.866667 0.026250 0.133333
0 0.281250 0.764444 0.022500 0.111111
0 0.063125 0.781111 0.028750 0.113333
0 0.253750 0.886667 0.027500 0.120000
0 0.267500 0.607778 0.022500 0.091111
0 0.830000 0.790000 0.022500 0.091111
0 0.183750 0.647778 0.022500 0.091111
0 0.896875 0.876667 0.028750 0.113333
0 0.895000 0.725556 0.022500 0.091111
0 0.832500 0.716667 0.022500 0.091111
0 0.712500 0.703333 0.022500 0.091111
0 0.857500 0.650000 0.022500 0.091111
0 0.783750 0.745556 0.022500 0.091111
0 0.101250 0.790000 0.022500 0.091111
0 0.115000 0.843333 0.022500 0.091111
0 0.916250 0.823333 0.022500 0.091111
