0 0.251250 0.680000 0.025000 0.102222
0 0.311250 0.644444 0.025000 0.102222
0 0.133750 0.784444 0.025000 0.102222
0 0.100000 0.755556 0.025000 0.102222
0 0.167500 0.711111 0.025000 0.102222
0 0.201250 0.706667 0.025000 0.102222
0 0.773750 0.748889 0.025000 0.102222
0 0.540000 0.668889 0.025000 0.102222
0 0.568750 0.708889 0.025000 0.102222
0 0.541250 0.775556 0.025000 0.102222
0 0.848750 0.884444 0.030000 0.124444
0 0.953750 0.817778 0.025000 0.102222
0 0.793750 0.923333 0.040000 0.140000
0 0.857500 0.773333 0.025000 0.102222
0 0.888750 0.766667 0.025000 0.102222
0 0.805000 0.731111 0.025000 0.102222
0 0.922500 0.862222 0.025000 0.102222
0 0.832500 0.702222 0.025000 0.102222
0 0.896250 0.684444 0.025000 0.102222
0 0.860000 0.675556 0.025000 0.102222
0 0.108125 0.676667 0.026250 0.082222
0 0.293750 0.637778 0.025000 0.102222
0 0.237500 0.642222 0.020000 0.075556
0 0.683750 0.677778 0.022500 0.093333
0 0.076250 0.897778 0.030000 0.111111
1 0.344375 0.790000 0.106250 0.211111
1 0.388125 0.606667 0.058750 0.102222
1 0.611875 0.655556 0.068750 0.111111
1 0.706875 0.773333 0.091250 0.124444
1 0.768750 0.638889 0.075000 0.086667
2 0.719375 0.648889 0.018750 0.093333
