0 0.641250 0.753333 0.032500 0.106667
0 0.867500 0.860000 0.037500 0.106667
0 0.818125 0.755556 0.036250 0.102222
0 0.875625 0.734444 0.048750 0.117778
0 0.775625 0.672222 0.023750 0.100000
0 0.805000 0.661111 0.027500 0.082222
0 0.727500 0.636667 0.025000 0.077778
0 0.756875 0.620000 0.028750 0.075556
0 0.823750 0.592222 0.025000 0.077778
0 0.736875 0.567778 0.021250 0.060000
0 0.765625 0.562222 0.021250 0.062222
1 0.741250 0.856667 0.117500 0.193333
1 0.575625 0.680000 0.068750 0.120000
1 0.668750 0.643333 0.062500 0.100000
