0 0.630000 0.860000 0.025000 0.124444
0 0.135000 0.752222 0.027500 0.082222
0 0.307500 0.674444 0.027500 0.082222
0 0.225000 0.638889 0.027500 0.082222
0 0.166250 0.663333 0.027500 0.082222
0 0.668750 0.612222 0.027500 0.082222
0 0.575000 0.672222 0.027500 0.082222
0 0.851250 0.725556 0.027500 0.082222
0 0.672500 0.823333 0.027500 0.082222
0 0.729375 0.895556 0.028750 0.106667
0 0.552500 0.867778 0.027500 0.082222
0 0.830000 0.790000 0.027500 0.117778
0 0.890000 0.866667 0.025000 0.124444
0 0.552500 0.790000 0.027500 0.082222
0 0.595000 0.756667 0.027500 0.082222
0 0.908750 0.685556 0.027500 0.082222
0 0.716250 0.614444 0.027500 0.082222
0 0.617500 0.618889 0.027500 0.082222
0 0.106875 0.907778 0.038750 0.131111
0 0.821250 0.650000 0.027500 0.082222
0 0.572500 0.601111 0.027500 0.082222
0 0.795000 0.712222 0.027500 0.082222
0 0.607500 0.696667 0.027500 0.082222
1 0.739375 0.734444 0.093750 0.144444
1 0.358125 0.690000 0.086250 0.224444
1 0.761250 0.612222 0.052500 0.086667
