0 0.871875 0.946667 0.031250 0.106667
0 0.675625 0.866667 0.031250 0.106667
0 0.653125 0.768889 0.031250 0.106667
0 0.593125 0.806667 0.031250 0.106667
0 0.548125 0.766667 0.031250 0.106667
0 0.550625 0.880000 0.031250 0.106667
0 0.909375 0.764444 0.031250 0.106667
0 0.956875 0.820000 0.031250 0.106667
0 0.930625 0.877778 0.031250 0.106667
0 0.871875 0.720000 0.031250 0.106667
0 0.834375 0.737778 0.031250 0.106667
0 0.805625 0.795556 0.031250 0.106667
0 0.865625 0.866667 0.031250 0.106667
0 0.593125 0.666667 0.031250 0.106667
0 0.639375 0.713333 0.031250 0.106667
0 0.105625 0.740000 0.031250 0.106667
0 0.149375 0.704444 0.031250 0.106667
0 0.205625 0.671111 0.031250 0.106667
0 0.230625 0.628889 0.031250 0.106667
0 0.330625 0.662222 0.031250 0.106667
0 0.188750 0.624444 0.025000 0.088889
0 0.271250 0.591111 0.025000 0.093333
0 0.118125 0.646667 0.031250 0.106667
0 0.061875 0.744444 0.031250 0.106667
0 0.056875 0.820000 0.031250 0.106667
0 0.155000 0.595556 0.025000 0.088889
0 0.170625 0.922222 0.038750 0.128889
1 0.749375 0.864444 0.093750 0.160000
2 0.424375 0.733333 0.023750 0.088889
