0 0.130000 0.763333 0.037500 0.113333
0 0.253125 0.678889 0.033750 0.100000
0 0.551875 0.856667 0.031250 0.131111
0 0.616250 0.793333 0.030000 0.111111
0 0.661875 0.843333 0.026250 0.117778
0 0.660000 0.735556 0.022500 0.093333
0 0.614375 0.678889 0.016250 0.082222
0 0.585625 0.650000 0.018750 0.073333
0 0.554375 0.647778 0.023750 0.077778
0 0.713125 0.724444 0.021250 0.093333
0 0.743125 0.707778 0.026250 0.086667
0 0.794375 0.683333 0.026250 0.082222
0 0.861875 0.773333 0.026250 0.106667
0 0.654375 0.675556 0.023750 0.066667
1 0.814375 0.894444 0.116250 0.166667
