0 0.683750 0.703333 0.027500 0.100000
0 0.888750 0.854444 0.027500 0.100000
0 0.868750 0.783333 0.027500 0.100000
0 0.788750 0.741111 0.027500 0.100000
0 0.547500 0.732222 0.027500 0.100000
0 0.738750 0.772222 0.027500 0.100000
0 0.700000 0.794444 0.027500 0.100000
0 0.840000 0.714444 0.027500 0.100000
0 0.755000 0.645556 0.027500 0.100000
0 0.705000 0.621111 0.027500 0.100000
0 0.663750 0.678889 0.027500 0.100000
0 0.197500 0.752222 0.027500 0.100000
0 0.262500 0.698889 0.027500 0.100000
0 0.539375 0.637778 0.021250 0.080000
0 0.866250 0.678889 0.027500 0.100000
0 0.182500 0.581111 0.027500 0.100000
0 0.272500 0.594444 0.027500 0.100000
0 0.240000 0.592222 0.027500 0.100000
0 0.205000 0.641111 0.027500 0.100000
0 0.055625 0.885556 0.046250 0.113333
0 0.116250 0.796667 0.027500 0.100000
0 0.038750 0.754444 0.027500 0.100000
0 0.096250 0.645556 0.027500 0.100000
0 0.141250 0.643333 0.022500 0.082222
0 0.127500 0.707778 0.027500 0.100000
1 0.828125 0.898889 0.123750 0.157778
1 0.625625 0.820000 0.083750 0.155556
1 0.595000 0.666667 0.060000 0.128889
1 0.351875 0.646667 0.071250 0.142222
1 0.289375 0.877778 0.123750 0.240000
2 0.818750 0.642222 0.017500 0.080000
