0 0.558750 0.797778 0.030000 0.111111
0 0.709375 0.831111 0.021250 0.111111
0 0.719375 0.754444 0.028750 0.086667
0 0.832500 0.798889 0.032500 0.095556
0 0.912500 0.833333 0.037500 0.115556
0 0.750000 0.736667 0.022500 0.104444
0 0.775625 0.727778 0.021250 0.095556
0 0.812500 0.731111 0.022500 0.088889
0 0.878125 0.668889 0.023750 0.084444
0 0.588750 0.610000 0.025000 0.073333
0 0.782500 0.631111 0.017500 0.075556
0 0.811875 0.663333 0.023750 0.068889
0 0.764375 0.652222 0.018750 0.068889
1 0.834375 0.921111 0.128750 0.157778
1 0.670000 0.947778 0.115000 0.104444
