0 0.139375 0.887778 0.036250 0.148889
0 0.105625 0.767778 0.036250 0.131111
0 0.230000 0.816667 0.035000 0.140000
0 0.166250 0.743333 0.027500 0.131111
0 0.291875 0.730000 0.031250 0.108889
0 0.198750 0.758889 0.030000 0.122222
0 0.251250 0.735556 0.030000 0.120000
0 0.209375 0.656667 0.023750 0.095556
0 0.159375 0.636667 0.028750 0.095556
0 0.067500 0.908889 0.030000 0.137778
0 0.336875 0.696667 0.023750 0.091111
0 0.387500 0.642222 0.032500 0.088889
0 0.570625 0.770000 0.031250 0.144444
0 0.642500 0.793333 0.037500 0.124444
0 0.705000 0.717778 0.027500 0.102222
0 0.773125 0.767778 0.031250 0.117778
0 0.852500 0.828889 0.030000 0.120000
0 0.741250 0.685556 0.022500 0.091111
0 0.787500 0.691111 0.025000 0.088889
0 0.873750 0.703333 0.025000 0.095556
0 0.868125 0.635556 0.023750 0.075556
0 0.817500 0.624444 0.027500 0.071111
0 0.604375 0.650000 0.023750 0.108889
0 0.566875 0.610000 0.023750 0.091111
0 0.679375 0.640000 0.018750 0.075556
0 0.751250 0.644444 0.022500 0.080000
0 0.933125 0.734444 0.031250 0.113333
