0 0.104375 0.796667 0.028750 0.113333
0 0.663750 0.671111 0.022500 0.093333
0 0.772500 0.715556 0.022500 0.093333
0 0.733750 0.711111 0.022500 0.093333
0 0.690000 0.788889 0.022500 0.093333
0 0.540000 0.677778 0.022500 0.093333
0 0.971250 0.782222 0.022500 0.093333
0 0.953750 0.873333 0.022500 0.093333
0 0.876250 0.835556 0.022500 0.093333
0 0.912500 0.811111 0.022500 0.093333
0 0.811250 0.697778 0.022500 0.093333
0 0.911250 0.668889 0.022500 0.093333
0 0.852500 0.666667 0.022500 0.093333
0 0.831250 0.746667 0.022500 0.093333
0 0.071250 0.896667 0.027500 0.113333
0 0.146250 0.822222 0.022500 0.093333
0 0.295000 0.706667 0.022500 0.093333
0 0.759375 0.655556 0.021250 0.075556
0 0.166250 0.740000 0.022500 0.093333
0 0.068750 0.717778 0.022500 0.093333
0 0.201250 0.666667 0.022500 0.093333
0 0.257500 0.644444 0.022500 0.093333
0 0.113750 0.648889 0.022500 0.093333
0 0.142500 0.717778 0.022500 0.093333
0 0.155000 0.620000 0.022500 0.093333
1 0.628750 0.881111 0.097500 0.184444
1 0.798125 0.881111 0.161250 0.224444
1 0.378750 0.677778 0.077500 0.146667
1 0.235000 0.802222 0.100000 0.200000
