0 0.602500 0.670000 0.030000 0.100000
0 0.782500 0.787778 0.032500 0.108889
0 0.750000 0.801111 0.032500 0.108889
0 0.668750 0.754444 0.032500 0.108889
0 0.631250 0.790000 0.032500 0.108889
0 0.573750 0.830000 0.032500 0.108889
0 0.331875 0.578889 0.026250 0.082222
0 0.293750 0.630000 0.032500 0.108889
0 0.243750 0.710000 0.032500 0.108889
0 0.281250 0.714444 0.032500 0.108889
0 0.320000 0.738889 0.032500 0.108889
0 0.863750 0.652222 0.030000 0.100000
0 0.930000 0.730000 0.030000 0.100000
0 0.713750 0.714444 0.030000 0.100000
0 0.825000 0.690000 0.030000 0.100000
0 0.798750 0.876667 0.030000 0.100000
0 0.641250 0.665556 0.030000 0.100000
0 0.760625 0.721111 0.026250 0.086667
0 0.792500 0.727778 0.027500 0.095556
0 0.656875 0.927778 0.031250 0.131111
1 0.274375 0.933333 0.113750 0.133333
1 0.167500 0.853333 0.140000 0.240000
