0 0.099375 0.798889 0.026250 0.122222
0 0.081250 0.737778 0.027500 0.106667
0 0.172500 0.780000 0.027500 0.120000
0 0.158125 0.695556 0.031250 0.106667
0 0.210000 0.647778 0.025000 0.100000
0 0.241250 0.636667 0.032500 0.100000
0 0.566250 0.632222 0.017500 0.086667
0 0.613125 0.643333 0.026250 0.086667
0 0.643750 0.637778 0.022500 0.088889
0 0.674375 0.632222 0.026250 0.091111
0 0.677500 0.790000 0.027500 0.104444
0 0.698125 0.725556 0.026250 0.100000
0 0.738750 0.758889 0.022500 0.117778
0 0.794375 0.804444 0.028750 0.133333
0 0.883750 0.848889 0.042500 0.128889
0 0.934375 0.742222 0.033750 0.111111
0 0.906875 0.685556 0.028750 0.091111
0 0.851250 0.698889 0.027500 0.086667
0 0.823125 0.655556 0.023750 0.084444
0 0.779375 0.693333 0.023750 0.093333
0 0.740000 0.653333 0.022500 0.088889
1 0.297500 0.814444 0.097500 0.180000
