0 0.075625 0.838889 0.036250 0.122222
0 0.186250 0.743333 0.032500 0.113333
0 0.191875 0.633333 0.026250 0.093333
0 0.176875 0.582222 0.018750 0.066667
0 0.219375 0.552222 0.016250 0.068889
0 0.364375 0.542222 0.018750 0.066667
0 0.703750 0.857778 0.035000 0.115556
0 0.623750 0.721111 0.025000 0.113333
0 0.662500 0.684444 0.022500 0.084444
0 0.649375 0.643333 0.026250 0.086667
0 0.675000 0.594444 0.022500 0.077778
1 0.568125 0.737778 0.076250 0.133333
1 0.624375 0.565556 0.056250 0.082222
1 0.301250 0.640000 0.080000 0.208889
1 0.410000 0.543333 0.052500 0.100000
