0 0.554375 0.684444 0.023750 0.084444
0 0.589375 0.726667 0.023750 0.084444
0 0.661875 0.818889 0.028750 0.104444
0 0.650000 0.921111 0.025000 0.117778
0 0.572500 0.912222 0.025000 0.100000
0 0.553125 0.797778 0.023750 0.084444
0 0.744375 0.824444 0.023750 0.115556
0 0.783125 0.766667 0.026250 0.093333
0 0.678125 0.713333 0.023750 0.084444
0 0.710625 0.775556 0.023750 0.115556
0 0.961250 0.927778 0.025000 0.117778
0 0.837500 0.870000 0.025000 0.117778
0 0.783750 0.878889 0.025000 0.117778
0 0.647500 0.916667 0.025000 0.117778
0 0.854375 0.680000 0.021250 0.080000
0 0.805625 0.682222 0.021250 0.088889
0 0.769375 0.613333 0.023750 0.084444
0 0.718125 0.642222 0.023750 0.084444
2 0.288125 0.641111 0.031250 0.091111
2 0.883125 0.658889 0.018750 0.091111
0 0.248125 0.774444 0.043750 0.126667
0 0.087500 0.752222 0.037500 0.113333
0 0.243125 0.641111 0.023750 0.095556
0 0.360000 0.601111 0.030000 0.091111
0 0.204375 0.613333 0.023750 0.093333
1 0.622500 0.655556 0.057500 0.106667
1 0.904375 0.778889 0.118750 0.126667
