0 0.026875 0.787778 0.028750 0.131111
0 0.112500 0.768889 0.022500 0.137778
0 0.698750 0.785556 0.027500 0.108889
0 0.870625 0.793333 0.028750 0.097778
0 0.923125 0.852222 0.033750 0.122222
0 0.636875 0.652222 0.023750 0.086667
0 0.706875 0.694444 0.021250 0.082222
0 0.826250 0.681111 0.017500 0.082222
0 0.963750 0.811111 0.030000 0.106667
0 0.663750 0.622222 0.010000 0.066667
0 0.794375 0.876667 0.038750 0.113333
0 0.770000 0.608889 0.017500 0.071111
1 0.788125 0.758889 0.101250 0.126667
0 0.160625 0.666667 0.046250 0.097778
0 0.240625 0.615556 0.038750 0.084444
