0 0.743125 0.760000 0.028750 0.111111
0 0.948125 0.877778 0.028750 0.111111
0 0.930625 0.937778 0.028750 0.111111
0 0.900625 0.837778 0.028750 0.111111
0 0.791875 0.751111 0.028750 0.111111
0 0.534375 0.764444 0.028750 0.111111
0 0.706875 0.895556 0.028750 0.111111
0 0.128125 0.724444 0.028750 0.111111
0 0.064375 0.806667 0.028750 0.111111
0 0.031875 0.811111 0.028750 0.111111
0 0.231875 0.688889 0.028750 0.111111
0 0.826250 0.734444 0.032500 0.091111
0 0.880000 0.711111 0.027500 0.093333
0 0.641875 0.630000 0.026250 0.073333
0 0.882500 0.650000 0.022500 0.086667
0 0.825625 0.643333 0.026250 0.073333
0 0.766875 0.694444 0.026250 0.073333
0 0.793125 0.678889 0.026250 0.073333
0 0.188125 0.723333 0.028750 0.086667
0 0.141875 0.630000 0.026250 0.086667
0 0.183125 0.663333 0.028750 0.086667
0 0.333750 0.628889 0.022500 0.093333
1 0.333750 0.820000 0.097500 0.231111
1 0.396875 0.604444 0.058750 0.124444
1 0.128750 0.878889 0.132500 0.242222
1 0.636875 0.910000 0.111250 0.171111
1 0.824375 0.911111 0.181250 0.177778
1 0.611250 0.687778 0.067500 0.104444
1 0.588125 0.583333 0.048750 0.086667
2 0.759375 0.623333 0.013750 0.055556
