0 0.263125 0.641111 0.028750 0.095556
0 0.389375 0.614444 0.028750 0.095556
0 0.302500 0.630000 0.025000 0.095556
0 0.232500 0.683333 0.035000 0.100000
0 0.116875 0.632222 0.028750 0.095556
0 0.145625 0.676667 0.028750 0.095556
0 0.161875 0.750000 0.028750 0.095556
0 0.128750 0.914444 0.040000 0.144444
0 0.036875 0.897778 0.043750 0.160000
0 0.171875 0.616667 0.028750 0.095556
0 0.217500 0.587778 0.025000 0.077778
0 0.351875 0.592222 0.028750 0.095556
0 0.543125 0.781111 0.028750 0.095556
0 0.599375 0.845556 0.028750 0.095556
0 0.604375 0.701111 0.028750 0.095556
0 0.630625 0.783333 0.028750 0.095556
0 0.951250 0.877778 0.042500 0.124444
0 0.665000 0.867778 0.032500 0.126667
0 0.805625 0.745556 0.028750 0.095556
0 0.894375 0.841111 0.028750 0.095556
0 0.826250 0.915556 0.037500 0.128889
0 0.830625 0.816667 0.028750 0.095556
0 0.915625 0.948889 0.023750 0.102222
0 0.883125 0.774444 0.028750 0.095556
0 0.648125 0.743333 0.028750 0.095556
0 0.545625 0.698889 0.028750 0.095556
0 0.855625 0.674444 0.028750 0.095556
0 0.909375 0.687778 0.028750 0.095556
0 0.819375 0.676667 0.028750 0.095556
1 0.738125 0.812222 0.101250 0.171111
2 0.395000 0.872222 0.020000 0.140000
