0 0.296875 0.600000 0.023750 0.102222
0 0.273125 0.715556 0.023750 0.102222
0 0.126875 0.726667 0.023750 0.102222
0 0.601875 0.675556 0.023750 0.102222
0 0.713125 0.660000 0.023750 0.102222
0 0.799375 0.677778 0.023750 0.102222
0 0.833125 0.715556 0.023750 0.102222
0 0.879375 0.677778 0.023750 0.102222
0 0.684375 0.600000 0.023750 0.088889
0 0.886875 0.840000 0.023750 0.102222
0 0.971875 0.888889 0.033750 0.111111
0 0.903750 0.794444 0.022500 0.104444
0 0.810000 0.607778 0.022500 0.082222
0 0.764375 0.646667 0.023750 0.102222
0 0.541875 0.653333 0.023750 0.102222
0 0.177500 0.925556 0.027500 0.113333
2 0.145625 0.640000 0.021250 0.084444
2 0.116250 0.630000 0.020000 0.091111
1 0.621875 0.558889 0.046250 0.077778
2 0.959375 0.685556 0.016250 0.077778
