0 0.251875 0.665556 0.041250 0.104444
0 0.162500 0.673333 0.030000 0.102222
0 0.070000 0.760000 0.030000 0.102222
0 0.686250 0.820000 0.030000 0.102222
0 0.643750 0.771111 0.030000 0.102222
0 0.607500 0.704444 0.030000 0.102222
0 0.545000 0.606667 0.030000 0.102222
0 0.940000 0.802222 0.030000 0.102222
0 0.871250 0.933333 0.030000 0.102222
0 0.842500 0.746667 0.030000 0.102222
0 0.735000 0.813333 0.030000 0.102222
0 0.900000 0.722222 0.030000 0.102222
0 0.718750 0.706667 0.030000 0.102222
0 0.680000 0.731111 0.030000 0.102222
0 0.772500 0.786667 0.030000 0.102222
0 0.977500 0.916667 0.040000 0.126667
1 0.666875 0.634444 0.056250 0.086667
