0 0.208750 0.597778 0.027500 0.088889
0 0.544375 0.605556 0.021250 0.086667
0 0.686250 0.714444 0.025000 0.100000
0 0.744375 0.771111 0.021250 0.120000
0 0.883750 0.797778 0.037500 0.111111
0 0.824375 0.822222 0.031250 0.115556
0 0.767500 0.928889 0.030000 0.128889
0 0.802500 0.690000 0.017500 0.100000
0 0.725000 0.685556 0.027500 0.091111
0 0.763750 0.678889 0.030000 0.077778
0 0.838125 0.704444 0.028750 0.093333
0 0.972500 0.915556 0.047500 0.124444
0 0.765625 0.580000 0.026250 0.075556
0 0.701875 0.592222 0.018750 0.077778
0 0.605000 0.582222 0.022500 0.053333
2 0.506250 0.604444 0.020000 0.097778
1 0.607500 0.720000 0.085000 0.222222
1 0.661875 0.598889 0.048750 0.086667
