0 0.638750 0.633333 0.025000 0.097778
0 0.863125 0.744444 0.026250 0.102222
0 0.801250 0.751111 0.025000 0.097778
0 0.608750 0.633333 0.025000 0.097778
0 0.681250 0.668889 0.025000 0.097778
0 0.608750 0.706667 0.025000 0.097778
0 0.693750 0.746667 0.025000 0.097778
0 0.902500 0.697778 0.025000 0.097778
0 0.882500 0.717778 0.025000 0.097778
0 0.864375 0.906667 0.046250 0.106667
0 0.896875 0.892222 0.021250 0.104444
0 0.912500 0.786667 0.025000 0.097778
0 0.860000 0.648889 0.025000 0.097778
0 0.840000 0.651111 0.025000 0.097778
