0 0.656250 0.638889 0.022500 0.077778
0 0.783750 0.805556 0.022500 0.077778
0 0.685000 0.756667 0.022500 0.077778
0 0.088750 0.703333 0.022500 0.077778
0 0.186250 0.658889 0.022500 0.077778
0 0.151250 0.692222 0.022500 0.077778
0 0.290625 0.743333 0.021250 0.122222
0 0.318125 0.765556 0.026250 0.126667
0 0.665000 0.681111 0.022500 0.077778
0 0.780000 0.645556 0.022500 0.077778
0 0.849375 0.895556 0.028750 0.120000
0 0.736250 0.796667 0.022500 0.077778
0 0.713750 0.843333 0.022500 0.077778
0 0.939375 0.877778 0.028750 0.120000
0 0.883125 0.837778 0.028750 0.120000
0 0.800625 0.906667 0.028750 0.120000
0 0.825000 0.792222 0.020000 0.104444
0 0.916875 0.793333 0.028750 0.120000
0 0.973125 0.848889 0.028750 0.120000
0 0.781250 0.801111 0.022500 0.077778
0 0.822500 0.707778 0.022500 0.077778
0 0.860000 0.761111 0.022500 0.077778
0 0.222500 0.588889 0.027500 0.080000
0 0.177500 0.598889 0.022500 0.077778
0 0.146250 0.601111 0.022500 0.077778
1 0.615625 0.731111 0.078750 0.124444
1 0.590625 0.615556 0.058750 0.097778
1 0.269375 0.605556 0.063750 0.126667
