0 0.083125 0.888889 0.028750 0.120000
0 0.256875 0.706667 0.023750 0.102222
0 0.385625 0.597778 0.031250 0.093333
0 0.183750 0.606667 0.022500 0.084444
0 0.246250 0.576667 0.017500 0.073333
0 0.213125 0.575556 0.016250 0.075556
0 0.295625 0.567778 0.026250 0.091111
0 0.569375 0.923333 0.043750 0.153333
0 0.743125 0.814444 0.031250 0.122222
0 0.856875 0.918889 0.048750 0.117778
0 0.915000 0.883333 0.050000 0.126667
0 0.836250 0.764444 0.035000 0.111111
0 0.865000 0.710000 0.030000 0.086667
0 0.777500 0.725556 0.022500 0.108889
0 0.685000 0.718889 0.025000 0.095556
0 0.742500 0.652222 0.020000 0.082222
0 0.673125 0.642222 0.021250 0.071111
0 0.815625 0.615556 0.028750 0.080000
0 0.936250 0.723333 0.032500 0.091111
1 0.560625 0.588889 0.051250 0.097778
