0 0.218750 0.814444 0.030000 0.144444
0 0.273750 0.755556 0.025000 0.128889
0 0.178750 0.758889 0.027500 0.135556
0 0.055625 0.910000 0.036250 0.157778
0 0.150625 0.690000 0.028750 0.100000
0 0.249375 0.720000 0.028750 0.111111
0 0.548125 0.726667 0.031250 0.120000
0 0.610000 0.708889 0.027500 0.133333
0 0.656875 0.756667 0.033750 0.122222
0 0.665000 0.907778 0.030000 0.153333
0 0.745625 0.906667 0.036250 0.160000
0 0.844375 0.853333 0.041250 0.133333
0 0.853125 0.766667 0.041250 0.106667
0 0.732500 0.703333 0.022500 0.100000
0 0.771875 0.700000 0.021250 0.106667
0 0.935000 0.858889 0.035000 0.122222
0 0.673750 0.634444 0.025000 0.091111
0 0.823125 0.697778 0.023750 0.111111
0 0.761875 0.798889 0.026250 0.104444
1 0.544375 0.566667 0.061250 0.075556
1 0.661875 0.578889 0.051250 0.064444
