0 0.032500 0.768889 0.032500 0.120000
0 0.196250 0.845556 0.032500 0.117778
0 0.258750 0.734444 0.027500 0.117778
0 0.096875 0.681111 0.036250 0.108889
0 0.298125 0.673333 0.021250 0.097778
0 0.146250 0.645556 0.027500 0.086667
0 0.280000 0.631111 0.025000 0.088889
0 0.202500 0.592222 0.025000 0.082222
0 0.551875 0.652222 0.021250 0.095556
0 0.756875 0.941111 0.041250 0.108889
0 0.832500 0.915556 0.032500 0.133333
0 0.873750 0.636667 0.030000 0.086667
0 0.721875 0.770000 0.028750 0.113333
0 0.784375 0.803333 0.031250 0.122222
0 0.841250 0.803333 0.025000 0.113333
0 0.900000 0.832222 0.040000 0.117778
0 0.625000 0.683333 0.025000 0.086667
0 0.675625 0.685556 0.023750 0.086667
0 0.713750 0.671111 0.027500 0.088889
0 0.606875 0.637778 0.023750 0.084444
1 0.648750 0.874444 0.117500 0.220000
1 0.763125 0.634444 0.068750 0.108889
1 0.386250 0.637778 0.077500 0.195556
1 0.228125 0.932222 0.123750 0.135556
1 0.116875 0.800000 0.158750 0.204444
1 0.329375 0.581111 0.041250 0.091111
