0 0.185625 0.595556 0.018750 0.084444
0 0.307500 0.674444 0.027500 0.086667
0 0.301250 0.616667 0.027500 0.086667
0 0.341250 0.625556 0.027500 0.086667
0 0.366250 0.612222 0.027500 0.086667
0 0.400625 0.683333 0.021250 0.086667
0 0.070000 0.745556 0.027500 0.086667
0 0.097500 0.767778 0.027500 0.086667
0 0.133750 0.790000 0.027500 0.086667
0 0.057500 0.885556 0.027500 0.086667
0 0.192500 0.732222 0.027500 0.086667
0 0.080000 0.665556 0.027500 0.086667
0 0.258125 0.705556 0.023750 0.091111
0 0.236250 0.612222 0.027500 0.086667
0 0.198750 0.634444 0.027500 0.086667
0 0.121250 0.663333 0.027500 0.086667
0 0.147500 0.674444 0.027500 0.086667
0 0.536250 0.710000 0.027500 0.086667
0 0.801250 0.801111 0.027500 0.086667
0 0.771250 0.774444 0.027500 0.086667
0 0.722500 0.772222 0.027500 0.086667
0 0.680000 0.772222 0.027500 0.086667
0 0.658750 0.712222 0.027500 0.086667
0 0.572500 0.731111 0.020000 0.088889
0 0.859375 0.857778 0.028750 0.102222
0 0.858750 0.756667 0.027500 0.086667
0 0.818750 0.756667 0.027500 0.086667
0 0.922500 0.783333 0.027500 0.086667
0 0.890000 0.690000 0.027500 0.086667
0 0.952500 0.936667 0.032500 0.108889
0 0.982500 0.917778 0.030000 0.102222
0 0.970000 0.798889 0.032500 0.113333
1 0.337500 0.782222 0.095000 0.195556
1 0.196875 0.852222 0.121250 0.197778
