0 0.698750 0.864444 0.030000 0.120000
0 0.768125 0.801111 0.033750 0.086667
0 0.901875 0.674444 0.038750 0.086667
0 0.868750 0.823333 0.045000 0.104444
0 0.790000 0.933333 0.040000 0.120000
0 0.786875 0.723333 0.028750 0.095556
0 0.845625 0.732222 0.036250 0.108889
0 0.700000 0.705556 0.032500 0.091111
0 0.762500 0.646667 0.022500 0.075556
0 0.807500 0.636667 0.022500 0.077778
0 0.736250 0.618889 0.020000 0.086667
0 0.778125 0.575556 0.028750 0.066667
2 0.951250 0.674444 0.017500 0.095556
1 0.608125 0.684444 0.073750 0.115556
