0 0.111250 0.842222 0.047500 0.146667
0 0.070625 0.676667 0.028750 0.100000
0 0.248750 0.734444 0.027500 0.113333
0 0.201250 0.672222 0.022500 0.100000
0 0.183750 0.641111 0.022500 0.100000
0 0.298125 0.632222 0.026250 0.091111
0 0.251875 0.607778 0.023750 0.082222
0 0.346875 0.630000 0.023750 0.082222
0 0.355000 0.542222 0.010000 0.080000
0 0.656875 0.731111 0.031250 0.106667
0 0.722500 0.816667 0.032500 0.131111
0 0.803750 0.803333 0.025000 0.117778
0 0.876250 0.907778 0.042500 0.131111
0 0.932500 0.892222 0.045000 0.135556
0 0.850625 0.732222 0.026250 0.108889
0 0.805000 0.733333 0.035000 0.080000
0 0.750000 0.740000 0.022500 0.088889
0 0.632500 0.663333 0.025000 0.091111
0 0.736875 0.678889 0.023750 0.091111
0 0.878750 0.705556 0.037500 0.091111
0 0.770625 0.664444 0.023750 0.075556
0 0.605000 0.608889 0.020000 0.071111
1 0.578125 0.727778 0.071250 0.148889
