0 0.086875 0.807778 0.038750 0.126667
0 0.088750 0.695556 0.032500 0.102222
0 0.156875 0.615556 0.018750 0.075556
0 0.215000 0.672222 0.035000 0.117778
0 0.251875 0.648889 0.028750 0.115556
0 0.184375 0.581111 0.043750 0.100000
0 0.310625 0.626667 0.038750 0.097778
0 0.218125 0.587778 0.026250 0.086667
0 0.623125 0.792222 0.043750 0.113333
0 0.833750 0.880000 0.060000 0.142222
0 0.975625 0.756667 0.048750 0.122222
0 0.907500 0.740000 0.045000 0.102222
0 0.796875 0.717778 0.033750 0.120000
0 0.721250 0.682222 0.027500 0.102222
0 0.747500 0.666667 0.030000 0.084444
0 0.787500 0.588889 0.025000 0.080000
0 0.703125 0.585556 0.023750 0.077778
0 0.751250 0.584444 0.027500 0.048889
1 0.306250 0.892222 0.112500 0.202222
1 0.638125 0.657778 0.081250 0.137778
1 0.374375 0.526667 0.053750 0.097778
