0 0.570000 0.877778 0.027500 0.120000
0 0.895000 0.674444 0.025000 0.104444
0 0.845625 0.795556 0.031250 0.111111
0 0.934375 0.900000 0.026250 0.124444
0 0.650000 0.864444 0.027500 0.120000
0 0.606250 0.862222 0.027500 0.120000
0 0.560000 0.764444 0.027500 0.120000
0 0.666250 0.753333 0.027500 0.111111
0 0.620625 0.751111 0.023750 0.111111
0 0.143750 0.767778 0.075000 0.126667
0 0.853125 0.711111 0.023750 0.093333
0 0.630625 0.686667 0.023750 0.080000
0 0.670625 0.668889 0.023750 0.093333
1 0.755625 0.781111 0.121250 0.242222
1 0.577500 0.628889 0.072500 0.155556
