0 0.055000 0.847778 0.037500 0.122222
0 0.136250 0.808889 0.037500 0.128889
0 0.076250 0.745556 0.035000 0.100000
0 0.136875 0.694444 0.026250 0.095556
0 0.181875 0.700000 0.028750 0.106667
0 0.304375 0.917778 0.048750 0.128889
0 0.334375 0.712222 0.033750 0.113333
0 0.387500 0.672222 0.022500 0.095556
0 0.239375 0.640000 0.026250 0.088889
0 0.296250 0.613333 0.017500 0.084444
0 0.138750 0.596667 0.025000 0.091111
0 0.166250 0.636667 0.022500 0.095556
0 0.571250 0.857778 0.037500 0.124444
0 0.534375 0.652222 0.028750 0.091111
0 0.842500 0.844444 0.037500 0.133333
0 0.760000 0.733333 0.027500 0.106667
0 0.785625 0.713333 0.023750 0.102222
0 0.833125 0.711111 0.023750 0.093333
0 0.874375 0.775556 0.031250 0.102222
0 0.665625 0.673333 0.016250 0.097778
0 0.705625 0.680000 0.023750 0.102222
0 0.740000 0.637778 0.017500 0.075556
0 0.780625 0.627778 0.021250 0.073333
0 0.825625 0.628889 0.021250 0.071111
1 0.731250 0.898889 0.120000 0.188889
1 0.218750 0.853333 0.127500 0.248889
