0 0.054375 0.883333 0.036250 0.148889
0 0.093125 0.711111 0.031250 0.106667
0 0.194375 0.638889 0.033750 0.095556
0 0.693750 0.810000 0.030000 0.117778
0 0.759375 0.865556 0.028750 0.117778
0 0.658750 0.916667 0.035000 0.126667
0 0.772500 0.798889 0.027500 0.086667
0 0.869375 0.852222 0.033750 0.113333
0 0.941250 0.891111 0.032500 0.120000
0 0.911250 0.736667 0.025000 0.091111
0 0.887500 0.781111 0.027500 0.100000
0 0.673750 0.710000 0.027500 0.108889
0 0.835625 0.730000 0.026250 0.091111
0 0.815625 0.688889 0.021250 0.088889
0 0.691875 0.643333 0.016250 0.091111
0 0.791250 0.630000 0.017500 0.077778
1 0.761875 0.707778 0.088750 0.122222
