0 0.792500 0.663333 0.030000 0.091111
0 0.650000 0.660000 0.027500 0.084444
0 0.821250 0.656667 0.030000 0.091111
0 0.852500 0.654444 0.030000 0.091111
0 0.875000 0.605556 0.030000 0.091111
0 0.931250 0.721111 0.030000 0.091111
0 0.962500 0.931111 0.035000 0.120000
0 0.691250 0.725556 0.030000 0.091111
0 0.676250 0.846667 0.032500 0.097778
0 0.595000 0.902222 0.030000 0.124444
0 0.531250 0.758889 0.030000 0.091111
0 0.697500 0.936667 0.035000 0.122222
0 0.631250 0.943333 0.035000 0.113333
0 0.853750 0.747778 0.030000 0.091111
0 0.326875 0.644444 0.068750 0.097778
2 0.915625 0.633333 0.023750 0.084444
1 0.812500 0.884444 0.177500 0.231111
1 0.599375 0.713333 0.101250 0.217778
