0 0.082500 0.755556 0.022500 0.142222
0 0.116250 0.776667 0.022500 0.113333
0 0.142500 0.721111 0.032500 0.104444
0 0.120000 0.678889 0.030000 0.095556
0 0.191875 0.626667 0.021250 0.088889
0 0.218125 0.623333 0.026250 0.082222
0 0.250625 0.631111 0.021250 0.071111
0 0.278125 0.586667 0.021250 0.080000
0 0.565000 0.857778 0.032500 0.102222
0 0.551250 0.765556 0.030000 0.113333
0 0.701875 0.744444 0.031250 0.115556
0 0.748750 0.735556 0.027500 0.120000
0 0.851250 0.792222 0.037500 0.108889
0 0.895625 0.881111 0.043750 0.144444
0 0.776250 0.681111 0.025000 0.091111
0 0.834375 0.653333 0.033750 0.097778
0 0.746875 0.625556 0.018750 0.077778
0 0.254375 0.583333 0.021250 0.064444
1 0.628750 0.711111 0.080000 0.204444
1 0.803750 0.906667 0.130000 0.168889
1 0.378125 0.654444 0.068750 0.135556
1 0.275625 0.697778 0.086250 0.137778
1 0.157500 0.846667 0.110000 0.182222
1 0.413750 0.514444 0.042500 0.068889
1 0.573125 0.534444 0.041250 0.060000
