0 0.685625 0.591111 0.018750 0.080000
0 0.936250 0.825556 0.027500 0.104444
0 0.796875 0.843333 0.023750 0.113333
0 0.271875 0.631111 0.018750 0.080000
0 0.736250 0.780000 0.022500 0.120000
0 0.707500 0.795556 0.020000 0.106667
0 0.698125 0.680000 0.018750 0.080000
0 0.678125 0.711111 0.018750 0.080000
0 0.122500 0.745556 0.022500 0.108889
0 0.201875 0.626667 0.018750 0.080000
0 0.221875 0.655556 0.018750 0.080000
0 0.888750 0.678889 0.027500 0.104444
0 0.977500 0.934444 0.027500 0.104444
0 0.870000 0.938889 0.027500 0.104444
0 0.966250 0.683333 0.027500 0.104444
0 0.705625 0.622222 0.018750 0.080000
0 0.655625 0.586667 0.018750 0.084444
1 0.620000 0.654444 0.055000 0.095556
1 0.319375 0.673333 0.076250 0.115556
1 0.803125 0.642222 0.148750 0.208889
2 0.378125 0.612222 0.016250 0.077778
