0 0.165000 0.635556 0.022500 0.088889
0 0.207500 0.653333 0.025000 0.093333
0 0.280625 0.686667 0.026250 0.102222
0 0.305625 0.633333 0.026250 0.088889
0 0.178125 0.564444 0.026250 0.066667
0 0.616250 0.874444 0.030000 0.135556
0 0.672500 0.880000 0.035000 0.137778
0 0.645625 0.727778 0.023750 0.104444
0 0.866875 0.891111 0.036250 0.124444
0 0.798125 0.757778 0.031250 0.102222
0 0.892500 0.824444 0.037500 0.124444
0 0.808750 0.677778 0.032500 0.093333
0 0.881875 0.687778 0.036250 0.113333
0 0.691250 0.647778 0.027500 0.095556
0 0.624375 0.650000 0.023750 0.082222
0 0.794375 0.596667 0.018750 0.064444
0 0.750625 0.575556 0.021250 0.057778
0 0.368750 0.557778 0.017500 0.057778
0 0.274375 0.550000 0.013750 0.064444
0 0.238750 0.552222 0.015000 0.068889
0 0.214375 0.544444 0.018750 0.080000
1 0.561875 0.654444 0.061250 0.104444
1 0.759375 0.821111 0.111250 0.157778
1 0.341875 0.788889 0.106250 0.217778
