0 0.587500 0.732222 0.027500 0.082222
0 0.871250 0.832222 0.027500 0.082222
0 0.716875 0.843333 0.028750 0.100000
0 0.832500 0.703333 0.027500 0.082222
0 0.816250 0.752222 0.027500 0.082222
0 0.667500 0.765556 0.027500 0.082222
0 0.623750 0.816667 0.027500 0.082222
0 0.286250 0.725556 0.027500 0.082222
0 0.103750 0.810000 0.027500 0.082222
0 0.200000 0.663333 0.027500 0.082222
0 0.142500 0.696667 0.027500 0.082222
0 0.606250 0.665556 0.027500 0.082222
0 0.572500 0.645556 0.027500 0.082222
0 0.895000 0.674444 0.027500 0.082222
0 0.778750 0.685556 0.027500 0.082222
0 0.806250 0.625556 0.027500 0.082222
0 0.613750 0.625556 0.027500 0.082222
0 0.660000 0.601111 0.027500 0.082222
0 0.710000 0.601111 0.027500 0.082222
0 0.555000 0.834444 0.027500 0.082222
0 0.556250 0.743333 0.027500 0.082222
0 0.232500 0.583333 0.027500 0.082222
0 0.298750 0.647778 0.027500 0.082222
0 0.141250 0.627778 0.027500 0.082222
1 0.348125 0.718889 0.088750 0.233333
1 0.730625 0.711111 0.088750 0.128889
