0 0.271875 0.681111 0.028750 0.104444
0 0.231875 0.702222 0.026250 0.102222
0 0.131875 0.893333 0.033750 0.133333
0 0.131875 0.734444 0.028750 0.104444
0 0.109375 0.647778 0.028750 0.104444
0 0.165625 0.638889 0.028750 0.104444
0 0.750000 0.741111 0.022500 0.068889
0 0.713750 0.691111 0.017500 0.097778
0 0.821875 0.925556 0.028750 0.104444
0 0.749375 0.805556 0.028750 0.104444
0 0.683750 0.760000 0.025000 0.084444
0 0.773750 0.694444 0.022500 0.068889
0 0.737500 0.661111 0.022500 0.068889
0 0.878750 0.585556 0.022500 0.068889
1 0.653125 0.891111 0.091250 0.173333
1 0.321250 0.820000 0.110000 0.204444
1 0.369375 0.625556 0.063750 0.104444
