0 0.221875 0.607778 0.021250 0.095556
0 0.195625 0.634444 0.021250 0.095556
0 0.145625 0.625556 0.021250 0.095556
0 0.169375 0.792222 0.023750 0.091111
0 0.084375 0.858889 0.021250 0.095556
0 0.040625 0.787778 0.021250 0.095556
0 0.800625 0.841111 0.023750 0.100000
0 0.763125 0.850000 0.021250 0.095556
0 0.729375 0.874444 0.021250 0.095556
0 0.690625 0.790000 0.021250 0.095556
0 0.359375 0.703333 0.021250 0.095556
0 0.798125 0.672222 0.021250 0.095556
0 0.685625 0.647778 0.021250 0.095556
0 0.658125 0.661111 0.021250 0.095556
0 0.679375 0.716667 0.021250 0.095556
0 0.933125 0.836667 0.021250 0.095556
0 0.911250 0.726667 0.025000 0.093333
0 0.884375 0.734444 0.021250 0.095556
0 0.835625 0.732222 0.021250 0.095556
0 0.875000 0.760000 0.025000 0.093333
0 0.892500 0.868889 0.025000 0.093333
0 0.847500 0.842222 0.025000 0.093333
0 0.749375 0.670000 0.021250 0.095556
0 0.772500 0.628889 0.022500 0.084444
0 0.547500 0.603333 0.022500 0.077778
1 0.615625 0.752222 0.073750 0.140000
1 0.594375 0.626667 0.058750 0.106667
