0 0.040000 0.870000 0.070000 0.166667
0 0.558750 0.794444 0.030000 0.117778
0 0.878750 0.792222 0.030000 0.117778
0 0.670000 0.854444 0.030000 0.117778
0 0.642500 0.798889 0.030000 0.117778
0 0.603750 0.778889 0.030000 0.117778
0 0.823750 0.668889 0.025000 0.102222
0 0.895000 0.907778 0.030000 0.117778
0 0.806250 0.727778 0.030000 0.117778
0 0.912500 0.690000 0.030000 0.117778
0 0.624375 0.703333 0.026250 0.091111
0 0.655625 0.694444 0.026250 0.104444
0 0.560625 0.703333 0.026250 0.091111
1 0.737500 0.733333 0.105000 0.204444
1 0.576875 0.596667 0.071250 0.131111
1 0.774375 0.933333 0.141250 0.133333
2 0.976875 0.680000 0.018750 0.093333
