0 0.076875 0.855556 0.031250 0.142222
0 0.356875 0.870000 0.033750 0.144444
0 0.071875 0.762222 0.033750 0.115556
0 0.185000 0.735556 0.030000 0.124444
0 0.250000 0.705556 0.027500 0.108889
0 0.311250 0.686667 0.032500 0.111111
0 0.351250 0.686667 0.027500 0.124444
0 0.127500 0.666667 0.032500 0.115556
0 0.072500 0.672222 0.032500 0.100000
0 0.186250 0.653333 0.032500 0.102222
0 0.276875 0.634444 0.021250 0.082222
0 0.565000 0.714444 0.032500 0.126667
0 0.826250 0.915556 0.032500 0.133333
0 0.795000 0.822222 0.035000 0.137778
0 0.851875 0.806667 0.033750 0.124444
0 0.788750 0.724444 0.022500 0.106667
0 0.827500 0.691111 0.037500 0.111111
0 0.734375 0.671111 0.021250 0.115556
0 0.788750 0.654444 0.025000 0.086667
0 0.802500 0.623333 0.030000 0.091111
0 0.696875 0.642222 0.026250 0.088889
1 0.685000 0.763333 0.092500 0.140000
