0 0.177500 0.717778 0.037500 0.106667
0 0.287500 0.650000 0.025000 0.095556
0 0.623750 0.868889 0.027500 0.115556
0 0.673125 0.911111 0.036250 0.128889
0 0.675625 0.778889 0.033750 0.113333
0 0.891250 0.818889 0.030000 0.113333
0 0.584375 0.693333 0.018750 0.097778
0 0.620000 0.711111 0.027500 0.093333
0 0.721250 0.748889 0.020000 0.102222
0 0.761875 0.742222 0.038750 0.111111
0 0.809375 0.726667 0.021250 0.097778
0 0.561875 0.678889 0.026250 0.104444
0 0.663125 0.695556 0.028750 0.097778
0 0.795625 0.672222 0.021250 0.095556
0 0.731250 0.624444 0.022500 0.097778
