0 0.101875 0.876667 0.031250 0.140000
0 0.121250 0.704444 0.030000 0.102222
0 0.193125 0.587778 0.023750 0.086667
0 0.338750 0.584444 0.020000 0.084444
0 0.309375 0.563333 0.018750 0.064444
0 0.271875 0.570000 0.016250 0.055556
0 0.226250 0.542222 0.017500 0.071111
0 0.686875 0.775556 0.026250 0.102222
0 0.610000 0.691111 0.027500 0.102222
0 0.648125 0.648889 0.018750 0.102222
0 0.618125 0.605556 0.023750 0.077778
0 0.660000 0.562222 0.020000 0.066667
0 0.690000 0.545556 0.020000 0.060000
0 0.959375 0.920000 0.036250 0.115556
1 0.798125 0.708889 0.178750 0.342222
1 0.565000 0.732222 0.075000 0.131111
1 0.270000 0.722222 0.110000 0.253333
1 0.398750 0.571111 0.060000 0.115556
