0 0.178125 0.610000 0.026250 0.086667
0 0.616875 0.676667 0.026250 0.086667
0 0.550625 0.917778 0.028750 0.128889
0 0.845625 0.663333 0.026250 0.086667
0 0.810625 0.736667 0.026250 0.086667
0 0.794375 0.770000 0.023750 0.082222
0 0.916875 0.700000 0.028750 0.097778
0 0.884375 0.770000 0.026250 0.086667
0 0.870625 0.696667 0.026250 0.086667
0 0.645000 0.627778 0.020000 0.082222
2 0.664375 0.640000 0.016250 0.097778
1 0.766875 0.922222 0.126250 0.155556
1 0.731250 0.751111 0.090000 0.142222
1 0.306875 0.822222 0.143750 0.355556
1 0.196250 0.742222 0.125000 0.213333
