0 0.828750 0.861111 0.032500 0.108889
0 0.607500 0.887778 0.032500 0.108889
0 0.636250 0.818889 0.032500 0.108889
0 0.696250 0.847778 0.032500 0.108889
0 0.736250 0.890000 0.032500 0.108889
0 0.570000 0.743333 0.032500 0.108889
0 0.303125 0.627778 0.023750 0.082222
0 0.262500 0.703333 0.032500 0.108889
0 0.193750 0.770000 0.032500 0.108889
0 0.241250 0.794444 0.032500 0.108889
0 0.246250 0.892222 0.032500 0.108889
0 0.888750 0.694444 0.032500 0.108889
0 0.725000 0.745556 0.032500 0.108889
0 0.775000 0.812222 0.032500 0.108889
0 0.804375 0.652222 0.031250 0.091111
0 0.656875 0.715556 0.026250 0.088889
0 0.626875 0.722222 0.028750 0.097778
0 0.745625 0.691111 0.026250 0.088889
0 0.706875 0.684444 0.026250 0.088889
0 0.603125 0.646667 0.026250 0.088889
1 0.378125 0.608889 0.068750 0.137778
1 0.900625 0.857778 0.123750 0.164444
1 0.106875 0.913333 0.158750 0.173333
