0 0.127500 0.794444 0.035000 0.122222
0 0.250000 0.927778 0.040000 0.135556
0 0.307500 0.696667 0.032500 0.122222
0 0.123125 0.660000 0.023750 0.084444
0 0.218750 0.625556 0.025000 0.082222
0 0.196875 0.571111 0.021250 0.080000
0 0.297500 0.586667 0.020000 0.071111
0 0.268750 0.572222 0.022500 0.082222
0 0.703125 0.860000 0.028750 0.133333
0 0.728125 0.808889 0.036250 0.106667
0 0.796250 0.752222 0.032500 0.113333
0 0.882500 0.716667 0.035000 0.113333
0 0.726875 0.637778 0.026250 0.080000
0 0.778125 0.626667 0.023750 0.084444
0 0.656250 0.572222 0.017500 0.073333
0 0.683125 0.570000 0.018750 0.077778
0 0.726875 0.573333 0.016250 0.066667
1 0.603125 0.698889 0.068750 0.122222
1 0.671250 0.664444 0.065000 0.106667
1 0.561250 0.576667 0.047500 0.086667
1 0.372500 0.685556 0.087500 0.237778
1 0.223125 0.764444 0.113750 0.226667
