0 0.138750 0.681111 0.027500 0.122222
0 0.581875 0.870000 0.033750 0.122222
0 0.778750 0.864444 0.037500 0.128889
0 0.844375 0.803333 0.028750 0.077778
0 0.911250 0.774444 0.032500 0.104444
0 0.696250 0.707778 0.022500 0.100000
0 0.730000 0.711111 0.025000 0.093333
0 0.762500 0.693333 0.027500 0.102222
0 0.815000 0.686667 0.025000 0.080000
0 0.658125 0.622222 0.023750 0.084444
0 0.704375 0.632222 0.023750 0.064444
0 0.796250 0.624444 0.030000 0.075556
1 0.589375 0.606667 0.066250 0.155556
1 0.650000 0.554444 0.047500 0.068889
2 0.512500 0.604444 0.025000 0.088889
