0 0.114375 0.734444 0.031250 0.135556
0 0.171250 0.764444 0.037500 0.097778
0 0.234375 0.818889 0.048750 0.144444
0 0.091875 0.863333 0.051250 0.108889
0 0.184375 0.905556 0.033750 0.126667
0 0.302500 0.691111 0.032500 0.097778
0 0.353125 0.683333 0.036250 0.086667
0 0.167500 0.635556 0.022500 0.097778
0 0.590000 0.744444 0.037500 0.097778
0 0.615625 0.650000 0.031250 0.082222
0 0.661250 0.744444 0.025000 0.111111
0 0.700625 0.693333 0.028750 0.088889
0 0.778750 0.680000 0.022500 0.093333
0 0.726250 0.661111 0.025000 0.082222
0 0.695625 0.603333 0.023750 0.077778
0 0.840000 0.746667 0.030000 0.102222
0 0.874375 0.703333 0.038750 0.091111
0 0.890625 0.813333 0.031250 0.093333
0 0.923125 0.893333 0.043750 0.124444
1 0.607500 0.533333 0.050000 0.120000
1 0.410000 0.577778 0.045000 0.093333
1 0.228750 0.640000 0.092500 0.137778
1 0.318750 0.917778 0.122500 0.164444
1 0.795000 0.873333 0.197500 0.253333
