0 0.077500 0.822222 0.037500 0.133333
0 0.158750 0.918889 0.047500 0.162222
0 0.265625 0.840000 0.038750 0.133333
0 0.148125 0.764444 0.048750 0.133333
0 0.226875 0.701111 0.031250 0.113333
0 0.326250 0.593333 0.022500 0.080000
0 0.573750 0.793333 0.030000 0.120000
0 0.666250 0.783333 0.030000 0.113333
0 0.611250 0.898889 0.037500 0.135556
0 0.751250 0.728889 0.030000 0.093333
0 0.873750 0.743333 0.037500 0.108889
0 0.835625 0.857778 0.038750 0.111111
0 0.916250 0.796667 0.040000 0.077778
0 0.860625 0.806667 0.036250 0.093333
0 0.937500 0.871111 0.032500 0.133333
2 0.509375 0.606667 0.021250 0.106667
