0 0.745625 0.852222 0.031250 0.122222
0 0.833125 0.838889 0.033750 0.135556
0 0.782500 0.831111 0.037500 0.124444
0 0.660625 0.890000 0.033750 0.135556
0 0.900625 0.741111 0.023750 0.104444
0 0.951250 0.768889 0.035000 0.106667
0 0.930625 0.847778 0.033750 0.135556
0 0.670000 0.774444 0.027500 0.113333
0 0.550000 0.632222 0.027500 0.113333
0 0.606250 0.687778 0.027500 0.113333
0 0.784375 0.617778 0.023750 0.075556
0 0.830625 0.593333 0.023750 0.075556
1 0.577500 0.820000 0.087500 0.182222
1 0.837500 0.734444 0.090000 0.100000
