0 0.657500 0.786667 0.025000 0.093333
0 0.778750 0.884444 0.025000 0.093333
0 0.656250 0.913333 0.025000 0.093333
0 0.531250 0.668889 0.025000 0.093333
0 0.556250 0.713333 0.025000 0.093333
0 0.125000 0.693333 0.025000 0.093333
0 0.537500 0.777778 0.025000 0.093333
0 0.706250 0.768889 0.025000 0.093333
0 0.655000 0.640000 0.025000 0.093333
0 0.623750 0.688889 0.025000 0.093333
0 0.596250 0.735556 0.025000 0.093333
0 0.737500 0.951111 0.025000 0.093333
0 0.836250 0.946667 0.025000 0.093333
0 0.802500 0.777778 0.025000 0.093333
0 0.741250 0.722222 0.025000 0.093333
0 0.821250 0.862222 0.025000 0.093333
0 0.866250 0.837778 0.025000 0.093333
0 0.932500 0.895556 0.025000 0.106667
0 0.892500 0.926667 0.032500 0.102222
0 0.698125 0.700000 0.023750 0.057778
0 0.671250 0.720000 0.025000 0.093333
0 0.768750 0.686667 0.025000 0.093333
0 0.582500 0.848889 0.025000 0.093333
0 0.021250 0.820000 0.025000 0.093333
0 0.238750 0.653333 0.025000 0.093333
0 0.186250 0.686667 0.025000 0.093333
0 0.256250 0.602222 0.025000 0.093333
0 0.220000 0.577778 0.025000 0.093333
0 0.187500 0.586667 0.025000 0.093333
1 0.401250 0.590000 0.045000 0.086667
1 0.357500 0.746667 0.087500 0.146667
1 0.114375 0.844444 0.133750 0.226667
1 0.309375 0.612222 0.073750 0.148889
1 0.599375 0.626667 0.048750 0.084444
1 0.853125 0.588889 0.158750 0.173333
