0 0.636250 0.740000 0.030000 0.102222
0 0.295000 0.640000 0.037500 0.093333
0 0.676250 0.784444 0.030000 0.102222
0 0.773125 0.906667 0.033750 0.124444
0 0.601250 0.675556 0.030000 0.102222
0 0.042500 0.813333 0.030000 0.102222
0 0.146250 0.713333 0.030000 0.102222
0 0.930625 0.866667 0.031250 0.124444
0 0.846250 0.864444 0.030000 0.102222
0 0.710000 0.678889 0.027500 0.095556
0 0.822500 0.713333 0.030000 0.102222
0 0.902500 0.760000 0.030000 0.102222
0 0.543125 0.601111 0.021250 0.086667
0 0.880000 0.693333 0.030000 0.102222
