0 0.775625 0.894444 0.023750 0.100000
0 0.738125 0.790000 0.023750 0.100000
0 0.564375 0.767778 0.023750 0.100000
0 0.544375 0.810000 0.023750 0.100000
0 0.543125 0.918889 0.023750 0.100000
0 0.873125 0.695556 0.023750 0.084444
0 0.801875 0.761111 0.023750 0.100000
0 0.840625 0.776667 0.023750 0.100000
0 0.785625 0.810000 0.023750 0.100000
0 0.691875 0.674444 0.023750 0.100000
0 0.781875 0.645556 0.023750 0.100000
0 0.805625 0.661111 0.023750 0.100000
0 0.755625 0.691111 0.023750 0.088889
0 0.926875 0.763333 0.023750 0.100000
0 0.654375 0.661111 0.023750 0.100000
0 0.608125 0.654444 0.023750 0.100000
0 0.581875 0.670000 0.023750 0.100000
0 0.306875 0.683333 0.023750 0.100000
0 0.234375 0.774444 0.023750 0.100000
0 0.823125 0.632222 0.023750 0.100000
0 0.734375 0.665556 0.023750 0.100000
0 0.169375 0.916667 0.031250 0.117778
0 0.081875 0.701111 0.023750 0.100000
0 0.090625 0.774444 0.023750 0.100000
0 0.146875 0.690000 0.023750 0.100000
0 0.150625 0.596667 0.023750 0.100000
0 0.178125 0.616667 0.023750 0.100000
0 0.083125 0.921111 0.031250 0.117778
0 0.712500 0.617778 0.025000 0.097778
2 0.362500 0.636667 0.017500 0.108889
2 0.855625 0.636667 0.013750 0.100000
2 0.895000 0.671111 0.020000 0.111111
1 0.663750 0.862222 0.102500 0.173333
1 0.291875 0.944444 0.111250 0.106667
