0 0.315000 0.823333 0.042500 0.126667
0 0.048750 0.851111 0.025000 0.093333
0 0.086250 0.883333 0.035000 0.113333
0 0.105625 0.796667 0.031250 0.091111
0 0.050625 0.792222 0.036250 0.077778
0 0.180000 0.718889 0.042500 0.086667
0 0.135000 0.736667 0.020000 0.100000
0 0.206250 0.645556 0.022500 0.082222
0 0.233750 0.608889 0.030000 0.088889
0 0.265625 0.585556 0.028750 0.086667
0 0.136250 0.638889 0.025000 0.082222
0 0.557500 0.814444 0.032500 0.122222
0 0.651875 0.825556 0.033750 0.100000
0 0.630000 0.924444 0.037500 0.137778
0 0.831875 0.826667 0.033750 0.120000
0 0.560000 0.691111 0.027500 0.080000
0 0.681875 0.744444 0.023750 0.102222
0 0.800625 0.743333 0.036250 0.104444
0 0.855000 0.753333 0.027500 0.097778
0 0.958125 0.867778 0.043750 0.135556
0 0.759375 0.636667 0.028750 0.077778
1 0.618125 0.616667 0.061250 0.166667
1 0.401250 0.632222 0.052500 0.126667
1 0.725625 0.684444 0.073750 0.128889
1 0.189375 0.870000 0.131250 0.215556
1 0.311250 0.672222 0.065000 0.148889
