0 0.783750 0.656667 0.022500 0.073333
0 0.936250 0.774444 0.022500 0.073333
0 0.917500 0.812222 0.022500 0.073333
0 0.861875 0.780000 0.026250 0.080000
0 0.958125 0.868889 0.026250 0.102222
0 0.956250 0.723333 0.022500 0.073333
0 0.667500 0.678889 0.025000 0.082222
0 0.833750 0.585556 0.022500 0.073333
0 0.870000 0.647778 0.022500 0.073333
0 0.802500 0.692222 0.015000 0.095556
0 0.813750 0.654444 0.022500 0.073333
0 0.843750 0.701111 0.022500 0.073333
0 0.886250 0.745556 0.022500 0.073333
0 0.178750 0.665556 0.025000 0.082222
0 0.013125 0.773333 0.023750 0.106667
0 0.099375 0.855556 0.028750 0.115556
0 0.142500 0.694444 0.025000 0.082222
0 0.072500 0.787778 0.020000 0.095556
0 0.175000 0.774444 0.025000 0.082222
0 0.215000 0.705556 0.025000 0.082222
0 0.188125 0.866667 0.028750 0.115556
0 0.537500 0.854444 0.025000 0.082222
0 0.723750 0.623333 0.025000 0.082222
0 0.240000 0.616667 0.025000 0.082222
0 0.220000 0.596667 0.025000 0.082222
0 0.158750 0.725556 0.022500 0.082222
0 0.307500 0.607778 0.027500 0.064444
0 0.262500 0.614444 0.025000 0.082222
0 0.168750 0.603333 0.025000 0.082222
1 0.286250 0.705556 0.080000 0.140000
1 0.398125 0.617778 0.066250 0.137778
1 0.620000 0.812222 0.090000 0.175556
1 0.598750 0.628889 0.062500 0.097778
1 0.751875 0.783333 0.128750 0.215556
