0 0.556875 0.635556 0.023750 0.097778
0 0.632500 0.658889 0.030000 0.100000
0 0.702500 0.651111 0.030000 0.084444
0 0.728750 0.691111 0.022500 0.093333
0 0.752500 0.678889 0.017500 0.091111
0 0.813125 0.711111 0.028750 0.097778
0 0.772500 0.772222 0.022500 0.100000
0 0.860625 0.763333 0.026250 0.077778
0 0.867500 0.661111 0.025000 0.082222
0 0.773750 0.621111 0.015000 0.064444
0 0.870625 0.881111 0.036250 0.108889
0 0.938750 0.844444 0.045000 0.102222
1 0.713750 0.843333 0.120000 0.193333
1 0.575625 0.522222 0.046250 0.120000
1 0.206875 0.583333 0.063750 0.104444
2 0.520000 0.611111 0.017500 0.093333
