0 0.211875 0.765556 0.026250 0.108889
0 0.291875 0.627778 0.023750 0.095556
0 0.280625 0.593333 0.013750 0.080000
0 0.238750 0.603333 0.020000 0.077778
0 0.211875 0.573333 0.018750 0.071111
0 0.170000 0.575556 0.017500 0.084444
0 0.541250 0.870000 0.032500 0.144444
0 0.677500 0.810000 0.025000 0.113333
0 0.654375 0.738889 0.018750 0.095556
0 0.715625 0.772222 0.028750 0.104444
0 0.776875 0.771111 0.031250 0.106667
0 0.813750 0.895556 0.020000 0.106667
0 0.863750 0.842222 0.030000 0.120000
0 0.819375 0.788889 0.023750 0.111111
0 0.960000 0.885556 0.035000 0.131111
0 0.960000 0.748889 0.035000 0.111111
0 0.794375 0.711111 0.021250 0.084444
0 0.751875 0.704444 0.021250 0.097778
0 0.618125 0.614444 0.018750 0.086667
0 0.763125 0.620000 0.016250 0.066667
1 0.602500 0.794444 0.082500 0.166667
1 0.682500 0.623333 0.067500 0.091111
