0 0.811250 0.790000 0.027500 0.113333
0 0.726250 0.767778 0.027500 0.113333
0 0.337500 0.796667 0.027500 0.113333
0 0.105000 0.705556 0.027500 0.113333
0 0.176250 0.614444 0.027500 0.113333
0 0.907500 0.805556 0.027500 0.113333
0 0.865000 0.847778 0.027500 0.113333
0 0.755000 0.910000 0.027500 0.113333
0 0.849375 0.764444 0.023750 0.088889
0 0.828125 0.682222 0.021250 0.088889
0 0.806250 0.692222 0.027500 0.100000
2 0.878125 0.611111 0.016250 0.088889
2 0.920000 0.614444 0.020000 0.086667
2 0.022500 0.723333 0.025000 0.100000
1 0.638125 0.774444 0.088750 0.197778
1 0.557500 0.575556 0.050000 0.088889
1 0.652500 0.557778 0.102500 0.208889
1 0.747500 0.675556 0.070000 0.088889
