0 0.706875 0.894444 0.031250 0.122222
0 0.721875 0.814444 0.031250 0.100000
0 0.853125 0.851111 0.033750 0.115556
0 0.820000 0.925556 0.035000 0.144444
0 0.881875 0.801111 0.028750 0.122222
0 0.823750 0.752222 0.025000 0.104444
0 0.681250 0.668889 0.022500 0.080000
0 0.550625 0.628889 0.028750 0.093333
0 0.805000 0.652222 0.017500 0.086667
0 0.754375 0.646667 0.018750 0.066667
0 0.705625 0.611111 0.016250 0.084444
0 0.732500 0.621111 0.020000 0.073333
0 0.758750 0.604444 0.017500 0.062222
0 0.802500 0.572222 0.020000 0.073333
1 0.616250 0.744444 0.077500 0.124444
1 0.756250 0.745556 0.092500 0.122222
