0 0.660625 0.873333 0.036250 0.128889
0 0.691875 0.794444 0.023750 0.113333
0 0.650625 0.720000 0.018750 0.097778
0 0.741250 0.762222 0.025000 0.093333
0 0.775625 0.753333 0.028750 0.106667
0 0.805000 0.862222 0.037500 0.146667
0 0.708750 0.678889 0.027500 0.091111
0 0.750000 0.660000 0.027500 0.084444
0 0.850000 0.624444 0.020000 0.093333
0 0.658125 0.643333 0.018750 0.082222
0 0.683125 0.608889 0.021250 0.071111
0 0.773125 0.581111 0.021250 0.077778
0 0.958125 0.921111 0.043750 0.117778
0 0.602500 0.924444 0.037500 0.124444
1 0.585000 0.656667 0.070000 0.131111
