0 0.166875 0.772222 0.036250 0.126667
0 0.228750 0.872222 0.035000 0.162222
0 0.243125 0.658889 0.026250 0.100000
0 0.278750 0.634444 0.027500 0.100000
0 0.326875 0.657778 0.031250 0.097778
0 0.686875 0.747778 0.026250 0.100000
0 0.712500 0.895556 0.035000 0.133333
0 0.741250 0.778889 0.032500 0.117778
0 0.599375 0.643333 0.026250 0.091111
0 0.710000 0.655556 0.030000 0.084444
0 0.800000 0.705556 0.025000 0.104444
0 0.755000 0.683333 0.025000 0.091111
0 0.585625 0.832222 0.033750 0.131111
0 0.781875 0.651111 0.021250 0.088889
0 0.870625 0.682222 0.028750 0.084444
0 0.756875 0.606667 0.018750 0.084444
1 0.646875 0.634444 0.066250 0.108889
1 0.569375 0.727778 0.073750 0.104444
