0 0.302500 0.910000 0.032500 0.140000
0 0.047500 0.787778 0.027500 0.113333
0 0.162500 0.652222 0.027500 0.113333
0 0.711250 0.698889 0.027500 0.113333
0 0.952500 0.767778 0.027500 0.113333
0 0.838750 0.763333 0.027500 0.113333
0 0.791250 0.847778 0.027500 0.113333
0 0.917500 0.878889 0.027500 0.113333
0 0.862500 0.732222 0.027500 0.113333
0 0.733750 0.816667 0.027500 0.113333
0 0.816250 0.714444 0.027500 0.113333
2 0.876875 0.605556 0.013750 0.082222
2 0.917500 0.608889 0.020000 0.093333
2 0.010625 0.725556 0.018750 0.104444
1 0.631250 0.713333 0.077500 0.168889
1 0.551875 0.548889 0.048750 0.080000
