0 0.202500 0.614444 0.032500 0.108889
0 0.938750 0.710000 0.032500 0.108889
0 0.867500 0.850000 0.032500 0.108889
0 0.176250 0.657778 0.032500 0.115556
0 0.811250 0.732222 0.032500 0.108889
0 0.783750 0.803333 0.032500 0.108889
0 0.750000 0.705556 0.032500 0.108889
0 0.642500 0.730000 0.032500 0.108889
0 0.698750 0.734444 0.032500 0.108889
0 0.653750 0.834444 0.032500 0.108889
0 0.598750 0.861111 0.032500 0.108889
0 0.121250 0.750000 0.032500 0.108889
0 0.071250 0.732222 0.032500 0.108889
0 0.873125 0.631111 0.026250 0.080000
0 0.845000 0.734444 0.032500 0.108889
0 0.643750 0.652222 0.032500 0.108889
0 0.882500 0.741111 0.032500 0.108889
0 0.596250 0.634444 0.032500 0.108889
0 0.566250 0.654444 0.032500 0.108889
0 0.957500 0.878889 0.032500 0.108889
0 0.328125 0.612222 0.026250 0.095556
1 0.333750 0.837778 0.112500 0.266667
1 0.406250 0.602222 0.052500 0.128889
1 0.260625 0.720000 0.118750 0.235556
