0 0.773750 0.927778 0.030000 0.117778
0 0.805000 0.867778 0.030000 0.117778
0 0.891250 0.816667 0.030000 0.117778
0 0.672500 0.902222 0.025000 0.106667
0 0.931250 0.934444 0.030000 0.117778
0 0.972500 0.887778 0.030000 0.117778
0 0.063750 0.790000 0.030000 0.117778
0 0.642500 0.805556 0.030000 0.117778
0 0.712500 0.858889 0.030000 0.117778
0 0.828750 0.776667 0.030000 0.117778
0 0.852500 0.847778 0.030000 0.117778
0 0.646250 0.710000 0.027500 0.091111
0 0.696250 0.724444 0.027500 0.097778
0 0.546250 0.728889 0.032500 0.102222
0 0.583750 0.774444 0.030000 0.117778
0 0.562500 0.658889 0.027500 0.091111
0 0.587500 0.681111 0.027500 0.091111
0 0.751250 0.795556 0.027500 0.097778
0 0.716250 0.672222 0.020000 0.091111
0 0.787500 0.793333 0.027500 0.097778
0 0.216250 0.653333 0.027500 0.097778
0 0.207500 0.717778 0.027500 0.097778
0 0.125000 0.777778 0.027500 0.097778
0 0.163750 0.653333 0.027500 0.097778
0 0.146250 0.708889 0.027500 0.097778
0 0.137500 0.628889 0.027500 0.097778
2 0.915625 0.687778 0.031250 0.113333
1 0.816250 0.572222 0.160000 0.166667
1 0.326875 0.851111 0.113750 0.204444
1 0.390625 0.630000 0.056250 0.108889
1 0.279375 0.668889 0.096250 0.168889
1 0.597500 0.598889 0.047500 0.068889
