0 0.718750 0.726667 0.025000 0.097778
0 0.748750 0.806667 0.025000 0.097778
0 0.801250 0.920000 0.025000 0.097778
0 0.745000 0.926667 0.025000 0.097778
0 0.602500 0.904444 0.025000 0.097778
0 0.576250 0.706667 0.025000 0.097778
0 0.541250 0.722222 0.025000 0.097778
0 0.546250 0.828889 0.025000 0.097778
0 0.886250 0.742222 0.025000 0.097778
0 0.827500 0.720000 0.025000 0.097778
0 0.861250 0.857778 0.025000 0.097778
0 0.770000 0.748889 0.025000 0.097778
0 0.793125 0.638889 0.023750 0.091111
0 0.748750 0.662222 0.025000 0.097778
0 0.685000 0.648889 0.025000 0.097778
0 0.858125 0.676667 0.028750 0.086667
0 0.087500 0.666667 0.025000 0.097778
0 0.121250 0.677778 0.025000 0.097778
0 0.275000 0.753333 0.025000 0.097778
0 0.729375 0.628889 0.023750 0.084444
0 0.167500 0.894444 0.040000 0.126667
0 0.072500 0.773333 0.025000 0.097778
1 0.646875 0.782222 0.083750 0.128889
2 0.336875 0.635556 0.018750 0.097778
2 0.886875 0.656667 0.013750 0.064444
1 0.948750 0.845556 0.102500 0.122222
