0 0.763750 0.896667 0.035000 0.126667
0 0.241875 0.563333 0.023750 0.086667
0 0.121250 0.667778 0.032500 0.108889
0 0.273750 0.621111 0.032500 0.108889
0 0.210000 0.676667 0.032500 0.108889
0 0.246250 0.783333 0.032500 0.108889
0 0.794375 0.641111 0.028750 0.095556
0 0.858750 0.620000 0.025000 0.102222
0 0.828750 0.683333 0.032500 0.108889
0 0.738750 0.945556 0.032500 0.108889
0 0.652500 0.927778 0.032500 0.108889
0 0.645000 0.714444 0.032500 0.108889
0 0.676250 0.787778 0.032500 0.108889
0 0.565000 0.814444 0.032500 0.108889
0 0.586250 0.661111 0.022500 0.104444
0 0.608750 0.638889 0.020000 0.086667
0 0.241250 0.894444 0.032500 0.108889
0 0.660000 0.636667 0.020000 0.086667
1 0.746875 0.770000 0.103750 0.140000
1 0.897500 0.885556 0.132500 0.180000
