0 0.132500 0.753333 0.022500 0.124444
0 0.106875 0.722222 0.013750 0.088889
0 0.231250 0.640000 0.035000 0.097778
0 0.175625 0.595556 0.031250 0.080000
0 0.267500 0.631111 0.025000 0.088889
0 0.318125 0.592222 0.038750 0.082222
0 0.231875 0.572222 0.023750 0.060000
0 0.270000 0.567778 0.027500 0.068889
0 0.642500 0.837778 0.050000 0.133333
0 0.868750 0.914444 0.072500 0.113333
0 0.919375 0.757778 0.048750 0.115556
0 0.813750 0.742222 0.037500 0.115556
0 0.741250 0.721111 0.047500 0.122222
0 0.760000 0.680000 0.040000 0.084444
0 0.797500 0.601111 0.032500 0.077778
0 0.711875 0.594444 0.026250 0.073333
0 0.759375 0.595556 0.031250 0.062222
0 0.117500 0.655556 0.035000 0.066667
1 0.329375 0.798889 0.096250 0.193333
1 0.647500 0.677778 0.087500 0.151111
1 0.134375 0.925556 0.146250 0.140000
1 0.433125 0.528889 0.046250 0.084444
