0 0.071875 0.861111 0.023750 0.100000
0 0.341875 0.614444 0.023750 0.100000
0 0.215625 0.610000 0.023750 0.100000
0 0.293125 0.738889 0.023750 0.100000
0 0.220625 0.732222 0.023750 0.100000
0 0.175625 0.661111 0.023750 0.100000
0 0.160625 0.612222 0.023750 0.100000
0 0.833125 0.921111 0.023750 0.100000
0 0.779375 0.910000 0.023750 0.100000
0 0.568125 0.865556 0.023750 0.100000
0 0.296250 0.648889 0.022500 0.080000
0 0.116875 0.705556 0.023750 0.100000
0 0.714375 0.754444 0.023750 0.100000
0 0.801875 0.714444 0.023750 0.100000
0 0.624375 0.721111 0.023750 0.100000
0 0.588125 0.754444 0.023750 0.100000
0 0.769375 0.792222 0.023750 0.100000
0 0.899375 0.756667 0.023750 0.100000
0 0.895625 0.901111 0.023750 0.100000
0 0.771250 0.660000 0.022500 0.080000
0 0.735625 0.667778 0.023750 0.100000
0 0.756250 0.716667 0.025000 0.082222
0 0.861875 0.703333 0.023750 0.100000
0 0.836875 0.734444 0.023750 0.100000
0 0.575625 0.663333 0.023750 0.100000
0 0.975625 0.807778 0.043750 0.095556
1 0.342500 0.811111 0.090000 0.182222
1 0.158125 0.884444 0.141250 0.226667
1 0.590000 0.562222 0.047500 0.075556
2 0.398750 0.623333 0.015000 0.095556
2 0.861250 0.620000 0.015000 0.062222
2 0.898750 0.664444 0.025000 0.084444
1 0.693750 0.946667 0.122500 0.106667
