0 0.875625 0.595556 0.026250 0.097778
0 0.331875 0.771111 0.026250 0.097778
0 0.798125 0.713333 0.026250 0.097778
0 0.846875 0.766667 0.026250 0.097778
0 0.911875 0.815556 0.026250 0.097778
0 0.824375 0.813333 0.026250 0.097778
0 0.650625 0.644444 0.026250 0.097778
0 0.590625 0.697778 0.026250 0.097778
0 0.081875 0.802222 0.026250 0.097778
0 0.156875 0.837778 0.026250 0.097778
0 0.564375 0.628889 0.026250 0.097778
0 0.019375 0.826667 0.026250 0.097778
0 0.089375 0.695556 0.026250 0.097778
0 0.856875 0.720000 0.021250 0.097778
0 0.944375 0.735556 0.026250 0.097778
1 0.771875 0.877778 0.123750 0.191111
1 0.318750 0.595556 0.095000 0.235556
