0 0.235625 0.564444 0.021250 0.075556
0 0.196250 0.577778 0.022500 0.071111
0 0.308125 0.625556 0.018750 0.077778
0 0.128125 0.640000 0.021250 0.088889
0 0.101875 0.713333 0.021250 0.075556
0 0.328125 0.577778 0.021250 0.075556
0 0.816875 0.655556 0.021250 0.075556
0 0.740625 0.686667 0.021250 0.075556
0 0.758125 0.657778 0.021250 0.075556
0 0.725625 0.797778 0.023750 0.097778
0 0.656875 0.815556 0.023750 0.097778
0 0.681875 0.793333 0.023750 0.097778
0 0.843125 0.742222 0.023750 0.097778
0 0.795625 0.740000 0.023750 0.097778
0 0.941875 0.936667 0.031250 0.113333
0 0.623125 0.895556 0.026250 0.111111
0 0.852500 0.892222 0.032500 0.122222
0 0.744375 0.892222 0.026250 0.113333
0 0.906250 0.827778 0.027500 0.104444
0 0.791875 0.657778 0.023750 0.097778
0 0.701875 0.614444 0.018750 0.086667
1 0.072500 0.845556 0.142500 0.180000
1 0.366250 0.628889 0.067500 0.128889
1 0.587500 0.791111 0.075000 0.133333
1 0.670625 0.683333 0.086250 0.100000
2 0.862500 0.654444 0.020000 0.091111
