0 0.896250 0.753333 0.020000 0.084444
0 0.825000 0.686667 0.020000 0.084444
0 0.786250 0.688889 0.020000 0.084444
0 0.747500 0.744444 0.020000 0.084444
0 0.712500 0.684444 0.020000 0.084444
0 0.676250 0.671111 0.020000 0.084444
0 0.188750 0.615556 0.020000 0.084444
0 0.747500 0.675556 0.020000 0.084444
0 0.870000 0.768889 0.020000 0.084444
0 0.627500 0.628889 0.020000 0.084444
0 0.645000 0.615556 0.020000 0.084444
0 0.591250 0.620000 0.020000 0.084444
0 0.713750 0.607778 0.020000 0.077778
0 0.681250 0.596667 0.020000 0.077778
1 0.216250 0.743333 0.087500 0.148889
1 0.366875 0.696667 0.078750 0.126667
1 0.603125 0.912222 0.096250 0.175556
1 0.748750 0.894444 0.135000 0.175556
2 0.876875 0.654444 0.021250 0.082222
2 0.020625 0.724444 0.018750 0.106667
