0 0.906250 0.697778 0.020000 0.075556
0 0.838125 0.643333 0.026250 0.095556
0 0.695625 0.904444 0.031250 0.124444
0 0.796875 0.821111 0.026250 0.095556
0 0.739375 0.805556 0.026250 0.095556
0 0.630625 0.843333 0.026250 0.108889
0 0.555625 0.714444 0.026250 0.095556
0 0.843125 0.933333 0.031250 0.124444
0 0.630625 0.616667 0.031250 0.091111
0 0.699375 0.645556 0.026250 0.095556
0 0.129375 0.601111 0.026250 0.095556
0 0.795625 0.676667 0.026250 0.095556
1 0.873750 0.811111 0.117500 0.155556
1 0.595000 0.951111 0.102500 0.097778
