0 0.301875 0.636667 0.028750 0.100000
0 0.796875 0.898889 0.028750 0.100000
0 0.728125 0.856667 0.028750 0.100000
0 0.794375 0.894444 0.028750 0.100000
0 0.868125 0.781111 0.028750 0.100000
0 0.755625 0.823333 0.028750 0.100000
0 0.793125 0.778889 0.028750 0.100000
0 0.955625 0.785556 0.028750 0.100000
0 0.901875 0.767778 0.028750 0.100000
0 0.825625 0.805556 0.028750 0.100000
0 0.864375 0.896667 0.028750 0.100000
0 0.884375 0.847778 0.028750 0.100000
0 0.945625 0.898889 0.028750 0.100000
0 0.548125 0.612222 0.028750 0.100000
0 0.846875 0.730000 0.028750 0.100000
1 0.630625 0.764444 0.133750 0.448889
