0 0.608125 0.656667 0.023750 0.082222
0 0.130625 0.683333 0.023750 0.086667
0 0.233125 0.623333 0.023750 0.082222
0 0.336875 0.550000 0.023750 0.082222
0 0.303125 0.572222 0.023750 0.082222
0 0.165625 0.765556 0.023750 0.082222
0 0.168125 0.703333 0.023750 0.082222
0 0.263125 0.670000 0.023750 0.082222
0 0.240625 0.750000 0.023750 0.082222
0 0.533125 0.616667 0.023750 0.082222
0 0.184375 0.578889 0.023750 0.082222
0 0.709375 0.721111 0.023750 0.082222
0 0.683125 0.616667 0.023750 0.082222
0 0.748125 0.654444 0.023750 0.082222
0 0.574375 0.670000 0.023750 0.082222
0 0.783125 0.674444 0.023750 0.082222
0 0.751875 0.734444 0.023750 0.082222
0 0.824375 0.738889 0.023750 0.082222
0 0.789375 0.805556 0.023750 0.082222
0 0.720625 0.828889 0.023750 0.106667
0 0.228125 0.563333 0.023750 0.082222
0 0.805625 0.872222 0.023750 0.082222
0 0.830625 0.674444 0.023750 0.082222
1 0.367500 0.673333 0.075000 0.137778
1 0.633750 0.584444 0.067500 0.128889
