0 0.151875 0.604444 0.021250 0.075556
0 0.753750 0.701111 0.022500 0.073333
0 0.317500 0.598889 0.022500 0.073333
0 0.134375 0.660000 0.021250 0.075556
0 0.771250 0.674444 0.025000 0.082222
0 0.862500 0.790000 0.022500 0.082222
0 0.806250 0.783333 0.022500 0.082222
0 0.681250 0.820000 0.022500 0.111111
0 0.649375 0.850000 0.026250 0.108889
0 0.827500 0.665556 0.022500 0.082222
0 0.801875 0.672222 0.023750 0.082222
0 0.931250 0.848889 0.030000 0.133333
0 0.730625 0.836667 0.023750 0.100000
0 0.883750 0.933333 0.032500 0.115556
0 0.753125 0.930000 0.023750 0.122222
0 0.622500 0.918889 0.027500 0.113333
0 0.708125 0.634444 0.023750 0.082222
0 0.729375 0.608889 0.021250 0.075556
0 0.685625 0.613333 0.021250 0.075556
2 0.866250 0.657778 0.015000 0.080000
1 0.122500 0.774444 0.127500 0.162222
1 0.276875 0.930000 0.123750 0.140000
1 0.373125 0.614444 0.061250 0.126667
1 0.589375 0.798889 0.083750 0.117778
1 0.680625 0.705556 0.088750 0.113333
