0 0.868750 0.743333 0.025000 0.086667
0 0.768750 0.756667 0.025000 0.086667
0 0.627500 0.736667 0.025000 0.086667
0 0.218750 0.563333 0.025000 0.086667
0 0.180000 0.565556 0.025000 0.086667
0 0.240000 0.616667 0.025000 0.086667
0 0.277500 0.616667 0.025000 0.086667
0 0.198750 0.641111 0.025000 0.086667
0 0.178750 0.816667 0.025000 0.086667
0 0.241250 0.705556 0.025000 0.086667
0 0.130000 0.678889 0.025000 0.086667
0 0.637500 0.685556 0.025000 0.086667
0 0.797500 0.710000 0.025000 0.086667
0 0.811250 0.765556 0.025000 0.086667
0 0.910625 0.860000 0.026250 0.115556
0 0.575000 0.922222 0.030000 0.137778
0 0.958125 0.835556 0.028750 0.080000
0 0.827500 0.873333 0.032500 0.088889
0 0.745000 0.627778 0.025000 0.086667
0 0.635625 0.860000 0.026250 0.115556
1 0.693750 0.711111 0.080000 0.133333
1 0.575000 0.685556 0.057500 0.117778
1 0.774375 0.923333 0.121250 0.140000
1 0.309375 0.835556 0.136250 0.328889
2 0.789375 0.636667 0.016250 0.064444
