0 0.213750 0.826667 0.030000 0.146667
0 0.557500 0.915556 0.030000 0.146667
0 0.960000 0.817778 0.030000 0.146667
0 0.901250 0.893333 0.030000 0.146667
0 0.828125 0.841111 0.031250 0.117778
0 0.608750 0.902222 0.030000 0.146667
0 0.776875 0.738889 0.031250 0.117778
0 0.650625 0.754444 0.031250 0.117778
0 0.535625 0.796667 0.031250 0.117778
0 0.675625 0.838889 0.031250 0.117778
0 0.106875 0.670000 0.031250 0.117778
0 0.169375 0.643333 0.031250 0.117778
0 0.276875 0.696667 0.031250 0.117778
0 0.222500 0.630000 0.025000 0.095556
0 0.315000 0.574444 0.025000 0.095556
0 0.251250 0.616667 0.025000 0.095556
0 0.274375 0.605556 0.023750 0.082222
0 0.228125 0.554444 0.023750 0.082222
0 0.728125 0.734444 0.023750 0.082222
0 0.630625 0.690000 0.023750 0.082222
0 0.680625 0.694444 0.023750 0.082222
0 0.886875 0.692222 0.023750 0.082222
0 0.701875 0.682222 0.023750 0.084444
0 0.823125 0.698889 0.023750 0.082222
0 0.836875 0.765556 0.023750 0.082222
0 0.744375 0.650000 0.023750 0.082222
0 0.795625 0.647778 0.023750 0.082222
2 0.848125 0.651111 0.018750 0.088889
1 0.338125 0.744444 0.093750 0.191111
1 0.145000 0.786667 0.105000 0.168889
1 0.583125 0.764444 0.066250 0.128889
1 0.791250 0.948889 0.147500 0.102222
