0 0.243125 0.677778 0.026250 0.088889
0 0.619375 0.747778 0.018750 0.100000
0 0.591875 0.811111 0.026250 0.093333
0 0.579375 0.642222 0.026250 0.088889
0 0.545625 0.657778 0.026250 0.088889
0 0.301875 0.660000 0.026250 0.088889
0 0.563750 0.930000 0.032500 0.126667
0 0.847500 0.827778 0.032500 0.126667
0 0.660000 0.910000 0.032500 0.126667
0 0.612500 0.932222 0.032500 0.126667
0 0.897500 0.921111 0.032500 0.126667
0 0.865625 0.678889 0.028750 0.113333
0 0.940000 0.770000 0.035000 0.100000
0 0.816875 0.667778 0.028750 0.113333
0 0.795625 0.696667 0.028750 0.113333
0 0.838125 0.741111 0.028750 0.113333
0 0.618125 0.668889 0.033750 0.075556
0 0.658750 0.687778 0.032500 0.108889
0 0.346875 0.582222 0.026250 0.088889
1 0.725000 0.817778 0.102500 0.164444
1 0.564375 0.531111 0.058750 0.128889
