0 0.822500 0.721111 0.027500 0.113333
0 0.737500 0.816667 0.027500 0.113333
0 0.186875 0.598889 0.023750 0.086667
0 0.346250 0.750000 0.027500 0.113333
0 0.126250 0.672222 0.027500 0.113333
0 0.894375 0.923333 0.031250 0.108889
0 0.936250 0.861111 0.027500 0.113333
0 0.831250 0.825556 0.027500 0.113333
0 0.875625 0.821111 0.031250 0.108889
0 0.800625 0.645556 0.026250 0.104444
1 0.642500 0.810000 0.092500 0.215556
1 0.558750 0.598889 0.050000 0.086667
1 0.760000 0.716667 0.080000 0.113333
1 0.657500 0.576667 0.117500 0.220000
2 0.878125 0.612222 0.021250 0.086667
2 0.916875 0.610000 0.018750 0.073333
2 0.033750 0.708889 0.030000 0.102222
