0 0.045625 0.740000 0.026250 0.106667
0 0.536875 0.844444 0.026250 0.106667
0 0.201875 0.562222 0.026250 0.080000
0 0.265625 0.602222 0.023750 0.080000
0 0.236875 0.644444 0.026250 0.071111
0 0.185625 0.645556 0.026250 0.091111
0 0.219375 0.720000 0.026250 0.106667
0 0.169375 0.822222 0.026250 0.106667
0 0.171875 0.731111 0.026250 0.106667
0 0.131875 0.717778 0.026250 0.106667
0 0.104375 0.695556 0.026250 0.106667
0 0.941250 0.838889 0.030000 0.104444
0 0.860625 0.722222 0.026250 0.106667
0 0.838750 0.762222 0.022500 0.102222
0 0.746875 0.672222 0.026250 0.064444
0 0.720000 0.676667 0.020000 0.068889
0 0.813750 0.681111 0.022500 0.095556
0 0.631875 0.722222 0.026250 0.106667
0 0.564375 0.731111 0.026250 0.106667
0 0.596875 0.782222 0.026250 0.106667
0 0.951250 0.740000 0.025000 0.097778
2 0.764375 0.644444 0.013750 0.075556
1 0.681250 0.931111 0.112500 0.137778
1 0.733125 0.786667 0.096250 0.164444
1 0.873125 0.902222 0.123750 0.195556
1 0.378125 0.688889 0.086250 0.168889
1 0.571250 0.616667 0.047500 0.091111
1 0.667500 0.626667 0.065000 0.102222
