0 0.897500 0.754444 0.030000 0.095556
0 0.870625 0.778889 0.031250 0.117778
0 0.849375 0.796667 0.031250 0.117778
0 0.744375 0.805556 0.021250 0.117778
0 0.830625 0.841111 0.031250 0.117778
0 0.768750 0.901111 0.035000 0.113333
0 0.680625 0.905556 0.031250 0.117778
0 0.272500 0.645556 0.022500 0.100000
0 0.330000 0.580000 0.027500 0.071111
0 0.665000 0.825556 0.030000 0.095556
0 0.937500 0.914444 0.030000 0.095556
0 0.828750 0.701111 0.030000 0.095556
0 0.876250 0.654444 0.030000 0.095556
0 0.923125 0.813333 0.028750 0.097778
0 0.763750 0.741111 0.027500 0.091111
0 0.808750 0.747778 0.030000 0.095556
0 0.726250 0.625556 0.022500 0.086667
0 0.771250 0.684444 0.025000 0.080000
0 0.761875 0.640000 0.026250 0.066667
0 0.835000 0.630000 0.030000 0.095556
1 0.601875 0.722222 0.071250 0.137778
1 0.684375 0.687778 0.073750 0.104444
1 0.328750 0.848889 0.120000 0.240000
2 0.557500 0.631111 0.017500 0.084444
2 0.571875 0.614444 0.013750 0.082222
1 0.353750 0.665556 0.062500 0.108889
1 0.065000 0.897778 0.127500 0.204444
