0 0.144375 0.595556 0.026250 0.093333
0 0.212500 0.888889 0.037500 0.120000
0 0.098750 0.895556 0.035000 0.142222
0 0.151875 0.744444 0.026250 0.093333
0 0.256875 0.923333 0.033750 0.131111
0 0.055625 0.704444 0.026250 0.093333
0 0.084375 0.717778 0.026250 0.093333
0 0.268125 0.660000 0.021250 0.093333
0 0.238125 0.635556 0.026250 0.093333
0 0.198125 0.635556 0.026250 0.093333
0 0.129375 0.691111 0.026250 0.093333
0 0.553125 0.766667 0.026250 0.093333
0 0.934375 0.864444 0.026250 0.093333
0 0.901250 0.884444 0.030000 0.102222
0 0.850000 0.918889 0.030000 0.113333
0 0.805625 0.855556 0.026250 0.093333
0 0.753750 0.854444 0.027500 0.104444
0 0.843125 0.820000 0.026250 0.093333
0 0.966875 0.853333 0.026250 0.093333
0 0.784375 0.771111 0.026250 0.093333
0 0.873125 0.804444 0.026250 0.093333
0 0.890625 0.751111 0.026250 0.093333
0 0.833125 0.726667 0.026250 0.093333
0 0.556875 0.673333 0.026250 0.093333
0 0.534375 0.715556 0.026250 0.093333
2 0.965000 0.683333 0.017500 0.095556
1 0.631875 0.786667 0.108750 0.311111
