0 0.082500 0.688889 0.022500 0.102222
0 0.133750 0.672222 0.017500 0.082222
0 0.151250 0.621111 0.030000 0.082222
0 0.645625 0.876667 0.031250 0.135556
0 0.860000 0.818889 0.035000 0.113333
0 0.719375 0.737778 0.026250 0.111111
0 0.748125 0.723333 0.023750 0.100000
0 0.812500 0.678889 0.022500 0.082222
0 0.881875 0.728889 0.031250 0.097778
0 0.555000 0.590000 0.020000 0.104444
0 0.621250 0.593333 0.020000 0.080000
0 0.836875 0.653333 0.023750 0.084444
0 0.790000 0.636667 0.020000 0.082222
0 0.820000 0.911111 0.040000 0.115556
1 0.567500 0.733333 0.072500 0.128889
1 0.659375 0.687778 0.073750 0.117778
1 0.721875 0.563333 0.103750 0.215556
1 0.295625 0.864444 0.128750 0.253333
1 0.293750 0.593333 0.075000 0.142222
