0 0.736875 0.801111 0.023750 0.117778
0 0.545625 0.668889 0.023750 0.084444
0 0.591875 0.695556 0.023750 0.084444
0 0.553125 0.757778 0.023750 0.084444
0 0.649375 0.777778 0.023750 0.084444
0 0.639375 0.874444 0.026250 0.108889
0 0.569375 0.862222 0.023750 0.115556
0 0.772500 0.845556 0.025000 0.100000
0 0.674375 0.682222 0.023750 0.084444
0 0.767500 0.936667 0.025000 0.100000
0 0.765000 0.727778 0.025000 0.100000
0 0.821250 0.838889 0.025000 0.100000
0 0.841875 0.675556 0.023750 0.084444
0 0.794375 0.666667 0.023750 0.084444
0 0.190625 0.624444 0.023750 0.084444
0 0.224375 0.671111 0.023750 0.084444
0 0.336875 0.620000 0.023750 0.084444
0 0.085625 0.715556 0.023750 0.084444
0 0.141875 0.644444 0.023750 0.084444
0 0.160625 0.577778 0.023750 0.084444
0 0.204375 0.823333 0.036250 0.122222
0 0.036875 0.807778 0.028750 0.113333
1 0.620000 0.642222 0.060000 0.097778
1 0.898750 0.784444 0.115000 0.146667
2 0.271250 0.638889 0.017500 0.104444
2 0.883125 0.654444 0.018750 0.082222
2 0.857500 0.631111 0.015000 0.097778
