0 0.051250 0.736667 0.032500 0.100000
0 0.228750 0.787778 0.032500 0.100000
0 0.173750 0.767778 0.032500 0.100000
0 0.130625 0.898889 0.046250 0.140000
0 0.081250 0.863333 0.032500 0.100000
0 0.106250 0.756667 0.032500 0.100000
0 0.292500 0.667778 0.025000 0.100000
0 0.260000 0.656667 0.025000 0.100000
0 0.220625 0.701111 0.026250 0.082222
0 0.390625 0.607778 0.023750 0.082222
0 0.360000 0.645556 0.025000 0.100000
0 0.341250 0.745556 0.025000 0.100000
0 0.145625 0.603333 0.023750 0.082222
0 0.179375 0.610000 0.023750 0.082222
0 0.219375 0.614444 0.023750 0.082222
0 0.163125 0.676667 0.023750 0.082222
0 0.692500 0.940000 0.042500 0.115556
0 0.666250 0.845556 0.030000 0.140000
0 0.825625 0.803333 0.038750 0.100000
0 0.526250 0.844444 0.045000 0.124444
0 0.770000 0.653333 0.027500 0.088889
0 0.521250 0.627778 0.032500 0.100000
0 0.654375 0.718889 0.028750 0.095556
0 0.535000 0.734444 0.032500 0.100000
0 0.703750 0.798889 0.032500 0.100000
0 0.776250 0.592222 0.025000 0.064444
0 0.718750 0.606667 0.027500 0.088889
0 0.751250 0.593333 0.022500 0.080000
0 0.878750 0.640000 0.027500 0.088889
0 0.843750 0.622222 0.027500 0.088889
0 0.832500 0.700000 0.027500 0.088889
0 0.802500 0.713333 0.027500 0.088889
0 0.810000 0.644444 0.027500 0.088889
1 0.601875 0.798889 0.078750 0.175556
1 0.661875 0.628889 0.068750 0.080000
1 0.794375 0.935556 0.108750 0.128889
