0 0.315000 0.577778 0.022500 0.097778
0 0.370625 0.561111 0.021250 0.086667
0 0.341250 0.592222 0.025000 0.086667
0 0.035000 0.807778 0.032500 0.108889
0 0.115000 0.696667 0.032500 0.108889
0 0.162500 0.638889 0.032500 0.108889
0 0.136250 0.783333 0.032500 0.108889
0 0.885000 0.918889 0.032500 0.108889
0 0.753750 0.883333 0.032500 0.108889
0 0.633750 0.758889 0.032500 0.108889
0 0.673125 0.827778 0.031250 0.108889
0 0.612500 0.898889 0.032500 0.108889
0 0.598750 0.723333 0.032500 0.108889
0 0.608750 0.661111 0.032500 0.108889
0 0.547500 0.687778 0.032500 0.108889
0 0.901250 0.787778 0.032500 0.108889
0 0.913750 0.878889 0.032500 0.108889
0 0.820000 0.914444 0.032500 0.108889
0 0.818750 0.776667 0.032500 0.108889
0 0.771250 0.794444 0.032500 0.108889
0 0.770000 0.694444 0.032500 0.108889
0 0.845000 0.758889 0.032500 0.108889
0 0.723750 0.727778 0.032500 0.108889
0 0.671250 0.743333 0.032500 0.108889
0 0.702500 0.792222 0.032500 0.108889
0 0.801250 0.643333 0.032500 0.108889
0 0.936250 0.727778 0.032500 0.108889
0 0.866250 0.690000 0.032500 0.108889
1 0.356250 0.730000 0.077500 0.135556
1 0.176875 0.896667 0.158750 0.206667
1 0.270000 0.672222 0.087500 0.153333
