0 0.022500 0.857778 0.040000 0.133333
0 0.169375 0.858889 0.036250 0.144444
0 0.143125 0.812222 0.031250 0.148889
0 0.287500 0.654444 0.027500 0.091111
0 0.401250 0.586667 0.022500 0.088889
0 0.196250 0.584444 0.025000 0.084444
0 0.256875 0.565556 0.021250 0.082222
0 0.228750 0.556667 0.012500 0.077778
0 0.306875 0.543333 0.021250 0.068889
0 0.696250 0.765556 0.020000 0.100000
0 0.761875 0.874444 0.041250 0.131111
0 0.766875 0.770000 0.023750 0.086667
0 0.796875 0.747778 0.026250 0.104444
0 0.852500 0.813333 0.035000 0.133333
0 0.823750 0.714444 0.025000 0.086667
0 0.892500 0.740000 0.032500 0.093333
0 0.824375 0.627778 0.023750 0.077778
0 0.752500 0.676667 0.022500 0.086667
0 0.677500 0.666667 0.027500 0.080000
0 0.709375 0.647778 0.021250 0.077778
0 0.778750 0.623333 0.020000 0.082222
0 0.738125 0.602222 0.013750 0.080000
0 0.625000 0.632222 0.022500 0.100000
0 0.716250 0.572222 0.017500 0.055556
1 0.562500 0.610000 0.055000 0.104444
0 0.938125 0.728889 0.023750 0.097778
