0 0.628750 0.810000 0.025000 0.117778
0 0.676250 0.811111 0.035000 0.142222
0 0.882500 0.861111 0.032500 0.117778
0 0.938125 0.848889 0.028750 0.120000
0 0.692500 0.727778 0.022500 0.086667
0 0.759375 0.775556 0.028750 0.111111
0 0.807500 0.763333 0.020000 0.100000
0 0.855625 0.745556 0.036250 0.095556
0 0.891875 0.694444 0.033750 0.082222
0 0.586875 0.690000 0.026250 0.100000
0 0.727500 0.684444 0.020000 0.097778
0 0.812500 0.673333 0.025000 0.093333
0 0.667500 0.616667 0.025000 0.091111
0 0.760000 0.618889 0.022500 0.086667
0 0.724375 0.612222 0.013750 0.060000
0 0.804375 0.595556 0.026250 0.080000
0 0.211250 0.630000 0.042500 0.086667
