0 0.073750 0.721111 0.030000 0.113333
0 0.230625 0.783333 0.028750 0.113333
0 0.130000 0.663333 0.025000 0.077778
0 0.276250 0.703333 0.022500 0.104444
0 0.302500 0.637778 0.020000 0.080000
0 0.165000 0.616667 0.027500 0.073333
0 0.278750 0.610000 0.022500 0.068889
0 0.126250 0.614444 0.022500 0.055556
0 0.733125 0.813333 0.031250 0.102222
0 0.804375 0.845556 0.036250 0.113333
0 0.942500 0.735556 0.035000 0.106667
0 0.865625 0.628889 0.028750 0.088889
0 0.685000 0.720000 0.025000 0.088889
0 0.721875 0.697778 0.033750 0.084444
0 0.637500 0.702222 0.032500 0.102222
0 0.833750 0.684444 0.035000 0.075556
0 0.545000 0.665556 0.027500 0.095556
0 0.603750 0.654444 0.017500 0.086667
1 0.651875 0.888889 0.133750 0.191111
1 0.771875 0.657778 0.073750 0.120000
1 0.647500 0.548889 0.047500 0.088889
1 0.570625 0.575556 0.043750 0.075556
1 0.392500 0.618889 0.077500 0.184444
1 0.253125 0.893333 0.141250 0.204444
1 0.140000 0.774444 0.152500 0.193333
1 0.235000 0.637778 0.055000 0.111111
1 0.335000 0.567778 0.040000 0.095556
