0 0.908750 0.724444 0.025000 0.097778
0 0.809375 0.690000 0.018750 0.086667
0 0.768125 0.683333 0.018750 0.086667
0 0.720625 0.632222 0.018750 0.086667
0 0.738125 0.616667 0.018750 0.086667
0 0.720000 0.735556 0.025000 0.097778
0 0.738750 0.808889 0.025000 0.097778
0 0.810000 0.791111 0.025000 0.097778
0 0.860000 0.742222 0.025000 0.097778
0 0.681250 0.917778 0.025000 0.097778
0 0.641250 0.726667 0.025000 0.097778
0 0.647500 0.817778 0.025000 0.097778
0 0.686250 0.735556 0.025000 0.097778
0 0.270000 0.713333 0.025000 0.097778
0 0.951875 0.913333 0.038750 0.115556
0 0.880625 0.938889 0.033750 0.104444
0 0.876875 0.835556 0.023750 0.084444
0 0.542500 0.871111 0.025000 0.097778
0 0.248750 0.585556 0.022500 0.068889
0 0.203125 0.595556 0.018750 0.084444
0 0.306250 0.635556 0.025000 0.097778
0 0.158750 0.633333 0.025000 0.097778
0 0.076250 0.702222 0.025000 0.097778
2 0.855625 0.650000 0.023750 0.086667
1 0.583125 0.776667 0.073750 0.131111
1 0.355625 0.678889 0.073750 0.153333
1 0.211875 0.682222 0.073750 0.097778
