0 0.065625 0.736667 0.026250 0.100000
0 0.188125 0.856667 0.041250 0.113333
0 0.271875 0.797778 0.031250 0.111111
0 0.242500 0.668889 0.025000 0.097778
0 0.279375 0.683333 0.028750 0.104444
0 0.213125 0.608889 0.028750 0.088889
0 0.264375 0.590000 0.018750 0.073333
0 0.589375 0.753333 0.036250 0.115556
0 0.846875 0.842222 0.033750 0.111111
0 0.803750 0.827778 0.030000 0.091111
0 0.885625 0.811111 0.036250 0.106667
0 0.840625 0.740000 0.036250 0.080000
0 0.883750 0.677778 0.032500 0.106667
0 0.811875 0.640000 0.021250 0.084444
0 0.593125 0.648889 0.023750 0.097778
0 0.635625 0.624444 0.013750 0.080000
1 0.393750 0.644444 0.057500 0.120000
1 0.716250 0.750000 0.122500 0.273333
1 0.141875 0.756667 0.138750 0.215556
1 0.422500 0.514444 0.040000 0.077778
1 0.605625 0.506667 0.043750 0.097778
2 0.115625 0.630000 0.018750 0.100000
