0 0.660000 0.764444 0.022500 0.088889
0 0.678750 0.884444 0.022500 0.088889
0 0.624375 0.811111 0.026250 0.102222
0 0.555000 0.700000 0.022500 0.088889
0 0.065625 0.777778 0.028750 0.115556
0 0.237500 0.622222 0.027500 0.084444
0 0.181875 0.766667 0.028750 0.115556
0 0.116875 0.775556 0.028750 0.115556
0 0.264375 0.737778 0.028750 0.115556
0 0.257500 0.657778 0.030000 0.093333
0 0.300625 0.580000 0.028750 0.097778
0 0.841250 0.828889 0.022500 0.088889
0 0.778750 0.760000 0.022500 0.088889
0 0.558750 0.877778 0.022500 0.088889
0 0.862500 0.747778 0.025000 0.086667
0 0.946250 0.884444 0.027500 0.106667
0 0.915000 0.824444 0.027500 0.097778
0 0.967500 0.763333 0.025000 0.086667
0 0.821250 0.750000 0.025000 0.086667
0 0.641250 0.693333 0.022500 0.088889
0 0.615000 0.715556 0.022500 0.088889
0 0.671250 0.686667 0.022500 0.088889
0 0.697500 0.666667 0.022500 0.088889
0 0.883750 0.678889 0.025000 0.086667
0 0.910000 0.738889 0.025000 0.086667
0 0.103125 0.666667 0.028750 0.097778
0 0.218125 0.571111 0.028750 0.097778
0 0.185625 0.566667 0.028750 0.097778
0 0.360000 0.594444 0.027500 0.082222
1 0.777500 0.906667 0.125000 0.186667
1 0.580625 0.541111 0.088750 0.206667
