0 0.096250 0.820000 0.030000 0.128889
0 0.145625 0.833333 0.036250 0.142222
0 0.366250 0.740000 0.022500 0.115556
0 0.126250 0.670000 0.027500 0.100000
0 0.241250 0.635556 0.022500 0.093333
0 0.195000 0.604444 0.020000 0.080000
0 0.234375 0.587778 0.018750 0.068889
0 0.716875 0.863333 0.036250 0.131111
0 0.625625 0.740000 0.026250 0.106667
0 0.648125 0.691111 0.023750 0.102222
0 0.704375 0.694444 0.026250 0.082222
0 0.756250 0.697778 0.027500 0.088889
0 0.776875 0.815556 0.031250 0.124444
0 0.804375 0.716667 0.028750 0.100000
0 0.879375 0.878889 0.033750 0.122222
0 0.827500 0.828889 0.030000 0.093333
0 0.847500 0.675556 0.022500 0.084444
0 0.833125 0.642222 0.023750 0.088889
0 0.700000 0.631111 0.020000 0.066667
0 0.752500 0.618889 0.020000 0.068889
0 0.799375 0.604444 0.023750 0.075556
1 0.314375 0.678889 0.078750 0.157778
