0 0.952500 0.918889 0.032500 0.122222
0 0.555625 0.626667 0.023750 0.102222
0 0.796875 0.793333 0.023750 0.102222
0 0.838125 0.822222 0.023750 0.102222
0 0.804375 0.925556 0.031250 0.122222
0 0.759375 0.846667 0.023750 0.102222
0 0.733750 0.903333 0.027500 0.117778
0 0.323125 0.611111 0.023750 0.102222
0 0.849375 0.744444 0.023750 0.102222
0 0.890625 0.862222 0.023750 0.102222
0 0.911875 0.784444 0.023750 0.102222
0 0.781875 0.593333 0.023750 0.102222
0 0.800625 0.715556 0.023750 0.102222
0 0.931875 0.848889 0.023750 0.102222
0 0.966875 0.795556 0.023750 0.102222
1 0.631250 0.780000 0.130000 0.440000
