0 0.361875 0.860000 0.038750 0.142222
0 0.123750 0.908889 0.045000 0.160000
0 0.229375 0.717778 0.023750 0.124444
0 0.162500 0.741111 0.030000 0.113333
0 0.073125 0.741111 0.026250 0.108889
0 0.272500 0.632222 0.030000 0.100000
0 0.201250 0.647778 0.027500 0.100000
0 0.240625 0.616667 0.016250 0.082222
0 0.073125 0.883333 0.038750 0.144444
0 0.143125 0.693333 0.023750 0.106667
0 0.156875 0.606667 0.018750 0.075556
0 0.719375 0.602222 0.023750 0.071111
0 0.655000 0.797778 0.037500 0.133333
0 0.795625 0.835556 0.031250 0.120000
0 0.865625 0.877778 0.046250 0.137778
0 0.930625 0.916667 0.046250 0.144444
0 0.878125 0.773333 0.041250 0.115556
0 0.753125 0.656667 0.021250 0.091111
0 0.788750 0.687778 0.025000 0.104444
0 0.594375 0.577778 0.023750 0.066667
1 0.365000 0.618889 0.065000 0.153333
1 0.603750 0.658889 0.055000 0.113333
2 0.922500 0.645556 0.015000 0.095556
