0 0.266250 0.682222 0.027500 0.097778
0 0.651250 0.782222 0.025000 0.124444
0 0.707500 0.822222 0.037500 0.128889
0 0.810000 0.752222 0.022500 0.095556
0 0.738125 0.710000 0.023750 0.095556
0 0.763125 0.686667 0.021250 0.088889
0 0.659375 0.632222 0.021250 0.091111
0 0.875625 0.837778 0.028750 0.124444
0 0.888750 0.777778 0.025000 0.080000
0 0.788750 0.616667 0.020000 0.077778
0 0.833750 0.656667 0.022500 0.082222
0 0.712500 0.666667 0.022500 0.084444
0 0.744375 0.622222 0.023750 0.062222
1 0.280000 0.907778 0.132500 0.184444
1 0.135625 0.637778 0.228750 0.377778
