0 0.121250 0.790000 0.032500 0.117778
0 0.378750 0.690000 0.032500 0.117778
0 0.022500 0.761111 0.032500 0.117778
0 0.192500 0.752222 0.032500 0.117778
0 0.031250 0.870000 0.032500 0.117778
0 0.077500 0.763333 0.032500 0.117778
0 0.162500 0.616667 0.030000 0.104444
0 0.696250 0.825556 0.030000 0.104444
0 0.660000 0.670000 0.030000 0.104444
0 0.545000 0.612222 0.030000 0.104444
0 0.205000 0.616667 0.030000 0.104444
0 0.862500 0.854444 0.030000 0.104444
0 0.808750 0.854444 0.030000 0.104444
0 0.775000 0.885556 0.030000 0.104444
0 0.738750 0.907778 0.030000 0.104444
0 0.808750 0.690000 0.030000 0.104444
0 0.750625 0.666667 0.026250 0.084444
0 0.683750 0.736667 0.030000 0.104444
0 0.926875 0.738889 0.036250 0.122222
0 0.936250 0.843333 0.030000 0.104444
0 0.900000 0.847778 0.030000 0.104444
0 0.238125 0.594444 0.021250 0.095556
0 0.786875 0.638889 0.026250 0.091111
0 0.700000 0.654444 0.030000 0.104444
0 0.843750 0.741111 0.030000 0.104444
1 0.616250 0.753333 0.067500 0.128889
1 0.594375 0.633333 0.061250 0.115556
1 0.257500 0.904444 0.127500 0.191111
1 0.766875 0.770000 0.101250 0.091111
