0 0.073750 0.737778 0.027500 0.128889
0 0.202500 0.714444 0.032500 0.100000
0 0.311250 0.868889 0.037500 0.142222
0 0.110625 0.646667 0.028750 0.093333
0 0.162500 0.656667 0.027500 0.082222
0 0.213750 0.644444 0.030000 0.088889
0 0.688750 0.767778 0.032500 0.095556
0 0.610625 0.678889 0.018750 0.086667
0 0.640000 0.654444 0.020000 0.082222
0 0.695000 0.674444 0.020000 0.091111
0 0.796250 0.846667 0.032500 0.124444
0 0.764375 0.770000 0.026250 0.100000
0 0.843750 0.804444 0.027500 0.111111
0 0.750000 0.660000 0.022500 0.093333
0 0.785000 0.675556 0.025000 0.102222
0 0.971875 0.768889 0.031250 0.120000
0 0.818125 0.638889 0.023750 0.068889
0 0.928750 0.878889 0.032500 0.117778
0 0.898750 0.757778 0.035000 0.097778
1 0.288125 0.730000 0.091250 0.153333
1 0.387500 0.635556 0.072500 0.137778
