0 0.763125 0.854444 0.028750 0.104444
0 0.605625 0.624444 0.021250 0.093333
0 0.061875 0.856667 0.028750 0.104444
0 0.173125 0.821111 0.028750 0.104444
0 0.566875 0.634444 0.028750 0.104444
0 0.178125 0.618889 0.021250 0.086667
0 0.293125 0.627778 0.028750 0.104444
0 0.256875 0.656667 0.028750 0.104444
0 0.161875 0.694444 0.028750 0.104444
0 0.131875 0.627778 0.028750 0.104444
0 0.743125 0.676667 0.028750 0.104444
0 0.763125 0.782222 0.026250 0.071111
0 0.803750 0.688889 0.020000 0.093333
0 0.714375 0.714444 0.028750 0.104444
0 0.695625 0.807778 0.026250 0.095556
0 0.773750 0.715556 0.020000 0.093333
0 0.763750 0.626667 0.020000 0.093333
1 0.655625 0.905556 0.091250 0.162222
1 0.333750 0.777778 0.097500 0.186667
1 0.377500 0.603333 0.060000 0.095556
