0 0.066875 0.870000 0.031250 0.144444
0 0.135000 0.767778 0.032500 0.126667
0 0.185000 0.771111 0.035000 0.128889
0 0.388750 0.685556 0.020000 0.091111
0 0.259375 0.612222 0.018750 0.104444
0 0.155000 0.640000 0.017500 0.093333
0 0.209375 0.580000 0.021250 0.075556
0 0.248750 0.572222 0.025000 0.082222
0 0.633125 0.781111 0.028750 0.113333
0 0.716250 0.711111 0.025000 0.097778
0 0.650625 0.707778 0.028750 0.091111
0 0.792500 0.852222 0.035000 0.104444
0 0.766250 0.724444 0.027500 0.102222
0 0.819375 0.747778 0.038750 0.122222
0 0.901875 0.918889 0.043750 0.135556
0 0.860625 0.692222 0.018750 0.100000
0 0.807500 0.616667 0.020000 0.073333
0 0.839375 0.653333 0.026250 0.066667
0 0.695625 0.648889 0.018750 0.084444
0 0.937500 0.712222 0.027500 0.086667
0 0.849375 0.882222 0.036250 0.124444
1 0.323750 0.642222 0.072500 0.146667
