0 0.233125 0.870000 0.031250 0.140000
0 0.301875 0.851111 0.033750 0.151111
0 0.286250 0.738889 0.027500 0.113333
0 0.122500 0.753333 0.027500 0.120000
0 0.023750 0.717778 0.022500 0.120000
0 0.166875 0.707778 0.036250 0.100000
0 0.275000 0.646667 0.027500 0.088889
0 0.114375 0.683333 0.023750 0.095556
0 0.208750 0.620000 0.020000 0.088889
0 0.249375 0.620000 0.021250 0.088889
0 0.329375 0.634444 0.023750 0.104444
0 0.306250 0.610000 0.025000 0.095556
0 0.629375 0.894444 0.038750 0.148889
0 0.796250 0.854444 0.042500 0.153333
0 0.843125 0.840000 0.036250 0.137778
0 0.902500 0.815556 0.035000 0.128889
0 0.626250 0.701111 0.022500 0.095556
0 0.683125 0.704444 0.026250 0.093333
0 0.750625 0.716667 0.021250 0.108889
0 0.790000 0.713333 0.022500 0.106667
0 0.832500 0.743333 0.020000 0.108889
0 0.868125 0.736667 0.028750 0.100000
0 0.853125 0.643333 0.033750 0.095556
0 0.768125 0.632222 0.023750 0.086667
1 0.160000 0.826667 0.130000 0.173333
1 0.552500 0.585556 0.057500 0.086667
1 0.676250 0.631111 0.065000 0.080000
