0 0.104375 0.782222 0.036250 0.124444
0 0.152500 0.801111 0.042500 0.104444
0 0.136875 0.653333 0.028750 0.093333
0 0.181875 0.666667 0.028750 0.093333
0 0.238125 0.684444 0.028750 0.088889
0 0.266250 0.694444 0.032500 0.104444
0 0.290000 0.623333 0.027500 0.095556
0 0.326250 0.590000 0.025000 0.086667
0 0.253125 0.601111 0.023750 0.073333
0 0.175625 0.594444 0.021250 0.082222
0 0.217500 0.562222 0.022500 0.088889
0 0.390625 0.553333 0.026250 0.080000
0 0.693125 0.747778 0.026250 0.108889
0 0.745625 0.771111 0.026250 0.124444
0 0.782500 0.823333 0.027500 0.131111
0 0.788750 0.757778 0.027500 0.102222
0 0.864375 0.802222 0.031250 0.120000
0 0.826250 0.922222 0.032500 0.128889
0 0.820000 0.730000 0.030000 0.104444
0 0.734375 0.628889 0.026250 0.088889
0 0.835625 0.644444 0.023750 0.084444
0 0.880000 0.711111 0.030000 0.088889
1 0.595625 0.635556 0.058750 0.102222
1 0.650625 0.592222 0.053750 0.082222
