0 0.306875 0.640000 0.021250 0.088889
0 0.088125 0.697778 0.021250 0.088889
0 0.189375 0.651111 0.021250 0.088889
0 0.268125 0.633333 0.021250 0.088889
0 0.233125 0.666667 0.021250 0.088889
0 0.195625 0.737778 0.021250 0.088889
0 0.366875 0.606667 0.021250 0.088889
0 0.255625 0.731111 0.021250 0.088889
0 0.359375 0.693333 0.021250 0.088889
0 0.158750 0.844444 0.035000 0.133333
0 0.058750 0.857778 0.027500 0.133333
0 0.141250 0.720000 0.030000 0.097778
0 0.118750 0.817778 0.035000 0.133333
0 0.082500 0.908889 0.035000 0.133333
0 0.054375 0.766667 0.021250 0.088889
0 0.839375 0.852222 0.038750 0.091111
0 0.778125 0.684444 0.021250 0.088889
0 0.841875 0.608889 0.021250 0.088889
0 0.538125 0.746667 0.021250 0.088889
0 0.526875 0.626667 0.021250 0.088889
0 0.396875 0.575556 0.021250 0.088889
0 0.198125 0.582222 0.021250 0.088889
0 0.235625 0.594444 0.018750 0.073333
0 0.168125 0.577778 0.021250 0.088889
0 0.664375 0.752222 0.031250 0.095556
0 0.698750 0.825556 0.025000 0.126667
0 0.663750 0.867778 0.030000 0.126667
0 0.535000 0.866667 0.035000 0.133333
0 0.753125 0.604444 0.021250 0.088889
0 0.721875 0.613333 0.021250 0.088889
0 0.881875 0.648889 0.021250 0.088889
0 0.844375 0.697778 0.021250 0.088889
0 0.819375 0.742222 0.021250 0.088889
0 0.781250 0.610000 0.022500 0.064444
1 0.601250 0.793333 0.080000 0.160000
1 0.667500 0.651111 0.070000 0.102222
