0 0.356250 0.807778 0.027500 0.122222
0 0.160000 0.894444 0.027500 0.122222
0 0.283750 0.872222 0.027500 0.122222
0 0.243750 0.796667 0.027500 0.122222
0 0.348750 0.608889 0.022500 0.093333
0 0.112500 0.785556 0.027500 0.122222
0 0.220000 0.634444 0.027500 0.122222
0 0.021250 0.803333 0.027500 0.122222
0 0.552500 0.836667 0.027500 0.122222
0 0.250625 0.601111 0.021250 0.068889
0 0.173125 0.662222 0.023750 0.106667
0 0.140625 0.697778 0.023750 0.106667
0 0.113125 0.688889 0.023750 0.106667
0 0.040625 0.731111 0.023750 0.106667
0 0.662500 0.830000 0.027500 0.122222
0 0.600000 0.861111 0.027500 0.122222
0 0.537500 0.703333 0.027500 0.122222
0 0.598750 0.687778 0.027500 0.122222
0 0.567500 0.707778 0.027500 0.122222
0 0.645000 0.756667 0.027500 0.122222
0 0.931250 0.787778 0.027500 0.122222
0 0.826250 0.841111 0.027500 0.122222
0 0.851250 0.757778 0.020000 0.115556
0 0.886875 0.750000 0.031250 0.131111
0 0.970000 0.932222 0.027500 0.122222
0 0.886875 0.915556 0.051250 0.115556
0 0.693125 0.940000 0.031250 0.106667
0 0.783125 0.760000 0.031250 0.106667
0 0.820625 0.753333 0.031250 0.106667
1 0.762500 0.902222 0.107500 0.164444
2 0.418125 0.751111 0.021250 0.084444
