0 0.199375 0.770000 0.028750 0.122222
0 0.127500 0.790000 0.035000 0.108889
0 0.032500 0.800000 0.032500 0.128889
0 0.186250 0.665556 0.025000 0.095556
0 0.258125 0.653333 0.021250 0.097778
0 0.131250 0.642222 0.022500 0.106667
0 0.352500 0.936667 0.055000 0.126667
0 0.168750 0.627778 0.022500 0.095556
0 0.065625 0.681111 0.033750 0.104444
0 0.230625 0.645556 0.026250 0.095556
0 0.650000 0.742222 0.027500 0.111111
0 0.777500 0.787778 0.027500 0.113333
0 0.842500 0.834444 0.040000 0.131111
0 0.896875 0.865556 0.033750 0.131111
0 0.961250 0.772222 0.052500 0.122222
0 0.741875 0.633333 0.026250 0.084444
0 0.855625 0.740000 0.038750 0.106667
0 0.710000 0.586667 0.025000 0.071111
0 0.792500 0.598889 0.025000 0.095556
0 0.590625 0.557778 0.023750 0.057778
0 0.562500 0.544444 0.020000 0.075556
1 0.717500 0.887778 0.090000 0.171111
1 0.697500 0.688889 0.062500 0.128889
1 0.601250 0.635556 0.050000 0.093333
1 0.357500 0.653333 0.072500 0.164444
1 0.259375 0.865556 0.106250 0.228889
2 0.919375 0.636667 0.018750 0.086667
