0 0.106250 0.777778 0.027500 0.151111
0 0.093750 0.658889 0.030000 0.095556
0 0.636875 0.864444 0.033750 0.133333
0 0.570625 0.756667 0.033750 0.117778
0 0.630625 0.664444 0.023750 0.088889
0 0.732500 0.773333 0.035000 0.120000
0 0.683125 0.845556 0.031250 0.113333
0 0.810000 0.832222 0.040000 0.131111
0 0.830000 0.764444 0.025000 0.097778
0 0.770625 0.697778 0.023750 0.088889
0 0.878750 0.888889 0.042500 0.137778
0 0.875000 0.753333 0.035000 0.111111
0 0.945000 0.871111 0.045000 0.115556
0 0.580625 0.686667 0.028750 0.097778
1 0.393125 0.645556 0.056250 0.122222
1 0.645000 0.555556 0.072500 0.160000
1 0.226875 0.714444 0.096250 0.140000
1 0.310000 0.625556 0.072500 0.100000
2 0.246875 0.605556 0.026250 0.073333
