0 0.080000 0.850000 0.037500 0.126667
0 0.140625 0.905556 0.033750 0.140000
0 0.276250 0.725556 0.020000 0.113333
0 0.078750 0.657778 0.027500 0.084444
0 0.380000 0.667778 0.025000 0.104444
0 0.193750 0.640000 0.022500 0.093333
0 0.137500 0.623333 0.017500 0.095556
0 0.342500 0.662222 0.025000 0.106667
0 0.705000 0.842222 0.032500 0.146667
0 0.814375 0.871111 0.028750 0.128889
0 0.858125 0.862222 0.033750 0.137778
0 0.916875 0.893333 0.038750 0.142222
0 0.957500 0.874444 0.042500 0.122222
0 0.856250 0.722222 0.030000 0.111111
0 0.822500 0.731111 0.030000 0.115556
0 0.790000 0.775556 0.027500 0.111111
0 0.657500 0.741111 0.020000 0.113333
0 0.930625 0.728889 0.046250 0.115556
0 0.776875 0.696667 0.023750 0.091111
0 0.636250 0.680000 0.025000 0.102222
1 0.318750 0.833333 0.115000 0.200000
1 0.558125 0.608889 0.053750 0.097778
1 0.703125 0.703333 0.081250 0.113333
1 0.265000 0.642222 0.075000 0.088889
