0 0.091250 0.866667 0.062500 0.142222
0 0.135625 0.614444 0.028750 0.095556
0 0.165625 0.647778 0.028750 0.095556
0 0.186875 0.705556 0.028750 0.095556
0 0.288125 0.621111 0.028750 0.095556
0 0.316875 0.627778 0.028750 0.095556
0 0.255625 0.647778 0.028750 0.095556
0 0.180000 0.833333 0.037500 0.128889
0 0.545000 0.816667 0.027500 0.108889
0 0.606875 0.718889 0.028750 0.095556
0 0.651875 0.774444 0.028750 0.095556
0 0.635625 0.826667 0.028750 0.106667
0 0.603125 0.896667 0.033750 0.131111
0 0.543125 0.627778 0.028750 0.095556
0 0.549375 0.732222 0.028750 0.095556
0 0.685625 0.926667 0.026250 0.124444
0 0.900625 0.785556 0.028750 0.095556
0 0.813125 0.770000 0.028750 0.095556
0 0.910000 0.884444 0.032500 0.115556
0 0.846875 0.952222 0.028750 0.095556
0 0.844375 0.861111 0.028750 0.095556
0 0.881875 0.738889 0.028750 0.095556
0 0.833125 0.701111 0.028750 0.095556
0 0.793125 0.705556 0.028750 0.095556
0 0.649375 0.694444 0.028750 0.095556
0 0.704375 0.687778 0.028750 0.095556
0 0.861875 0.694444 0.028750 0.095556
0 0.233125 0.576667 0.031250 0.082222
0 0.186875 0.587778 0.028750 0.086667
0 0.393125 0.578889 0.028750 0.095556
0 0.354375 0.570000 0.028750 0.095556
2 0.955625 0.664444 0.021250 0.106667
2 0.393125 0.886667 0.026250 0.137778
