0 0.757500 0.800000 0.027500 0.088889
0 0.703750 0.824444 0.027500 0.088889
0 0.666250 0.668889 0.027500 0.088889
0 0.598750 0.686667 0.027500 0.088889
0 0.538750 0.604444 0.027500 0.088889
0 0.195000 0.651111 0.027500 0.088889
0 0.856250 0.786667 0.027500 0.088889
0 0.812500 0.795556 0.027500 0.088889
0 0.936250 0.946667 0.035000 0.097778
0 0.850000 0.913333 0.030000 0.120000
0 0.933750 0.777778 0.035000 0.097778
0 0.978750 0.853333 0.035000 0.097778
0 0.872500 0.697778 0.027500 0.088889
0 0.705000 0.677778 0.027500 0.088889
0 0.758750 0.720000 0.027500 0.088889
0 0.631250 0.677778 0.027500 0.088889
0 0.745000 0.662222 0.027500 0.088889
0 0.716875 0.606667 0.013750 0.062222
0 0.695000 0.614444 0.025000 0.068889
2 0.096875 0.701111 0.031250 0.104444
2 0.883750 0.641111 0.022500 0.051111
1 0.800625 0.652222 0.076250 0.104444
1 0.398125 0.594444 0.053750 0.091111
1 0.290000 0.586667 0.060000 0.093333
