0 0.625000 0.660000 0.015000 0.093333
0 0.652500 0.765556 0.022500 0.108889
0 0.733125 0.798889 0.023750 0.117778
0 0.680000 0.707778 0.027500 0.095556
0 0.663125 0.646667 0.026250 0.080000
0 0.717500 0.707778 0.027500 0.095556
0 0.760000 0.653333 0.020000 0.088889
0 0.780000 0.637778 0.020000 0.102222
0 0.803750 0.792222 0.030000 0.100000
0 0.839375 0.778889 0.031250 0.095556
0 0.896875 0.845556 0.033750 0.117778
0 0.801875 0.702222 0.021250 0.080000
0 0.899375 0.717778 0.036250 0.106667
0 0.831250 0.675556 0.022500 0.088889
0 0.876875 0.604444 0.023750 0.097778
