0 0.095625 0.827778 0.031250 0.104444
0 0.129375 0.871111 0.023750 0.120000
0 0.162500 0.778889 0.040000 0.126667
0 0.199375 0.802222 0.031250 0.142222
0 0.246875 0.788889 0.038750 0.115556
0 0.307500 0.783333 0.045000 0.148889
0 0.328125 0.683333 0.033750 0.104444
0 0.377500 0.682222 0.032500 0.115556
0 0.199375 0.684444 0.031250 0.093333
0 0.157500 0.671111 0.030000 0.106667
0 0.135625 0.652222 0.036250 0.108889
0 0.721250 0.856667 0.045000 0.126667
0 0.637500 0.916667 0.037500 0.126667
0 0.685625 0.730000 0.023750 0.108889
0 0.727500 0.775556 0.032500 0.097778
0 0.783750 0.724444 0.027500 0.080000
0 0.849375 0.920000 0.048750 0.124444
0 0.898750 0.907778 0.040000 0.135556
0 0.945000 0.927778 0.045000 0.131111
0 0.936875 0.823333 0.048750 0.126667
0 0.744375 0.684444 0.023750 0.106667
0 0.718750 0.641111 0.025000 0.086667
0 0.836875 0.694444 0.048750 0.104444
0 0.773750 0.646667 0.025000 0.080000
0 0.789375 0.603333 0.026250 0.082222
0 0.926875 0.713333 0.041250 0.097778
1 0.646250 0.627778 0.070000 0.095556
