0 0.624375 0.604444 0.013750 0.075556
0 0.739375 0.708889 0.028750 0.093333
0 0.786875 0.667778 0.026250 0.082222
0 0.801250 0.887778 0.030000 0.104444
0 0.888125 0.763333 0.046250 0.104444
0 0.691250 0.612222 0.017500 0.095556
0 0.833750 0.631111 0.035000 0.093333
0 0.824375 0.792222 0.036250 0.100000
0 0.861250 0.888889 0.042500 0.115556
0 0.930000 0.837778 0.032500 0.080000
1 0.687500 0.758889 0.087500 0.162222
1 0.201250 0.598889 0.055000 0.104444
1 0.573125 0.503333 0.048750 0.113333
2 0.527500 0.610000 0.020000 0.082222
