0 0.121875 0.861111 0.033750 0.122222
0 0.204375 0.783333 0.036250 0.126667
0 0.146250 0.755556 0.032500 0.128889
0 0.105625 0.723333 0.026250 0.104444
0 0.075000 0.702222 0.035000 0.111111
0 0.278750 0.701111 0.027500 0.108889
0 0.356250 0.674444 0.027500 0.108889
0 0.201875 0.660000 0.026250 0.097778
0 0.152500 0.636667 0.030000 0.100000
0 0.230000 0.616667 0.025000 0.091111
0 0.268750 0.605556 0.025000 0.095556
0 0.185000 0.571111 0.025000 0.080000
0 0.380625 0.583333 0.023750 0.082222
0 0.550000 0.785556 0.037500 0.117778
0 0.777500 0.848889 0.035000 0.115556
0 0.766250 0.761111 0.035000 0.126667
0 0.804375 0.775556 0.033750 0.111111
0 0.827500 0.731111 0.035000 0.111111
0 0.884375 0.802222 0.041250 0.120000
0 0.737500 0.697778 0.032500 0.102222
0 0.685000 0.676667 0.027500 0.108889
0 0.665000 0.645556 0.022500 0.095556
0 0.781250 0.658889 0.022500 0.086667
0 0.836875 0.678889 0.026250 0.082222
0 0.711875 0.636667 0.023750 0.086667
