0 0.084375 0.726667 0.031250 0.115556
0 0.591875 0.844444 0.031250 0.115556
0 0.208125 0.600000 0.021250 0.097778
0 0.349375 0.662222 0.033750 0.111111
0 0.253125 0.813333 0.031250 0.115556
0 0.034375 0.720000 0.031250 0.115556
0 0.828125 0.817778 0.031250 0.115556
0 0.774375 0.866667 0.031250 0.115556
0 0.728125 0.855556 0.031250 0.115556
0 0.548125 0.793333 0.031250 0.115556
0 0.756250 0.723333 0.022500 0.082222
0 0.813125 0.688889 0.031250 0.115556
0 0.861875 0.915556 0.031250 0.115556
0 0.736250 0.770000 0.030000 0.091111
0 0.868125 0.722222 0.031250 0.115556
0 0.710625 0.702222 0.031250 0.115556
0 0.540000 0.698889 0.030000 0.091111
0 0.571875 0.691111 0.031250 0.115556
1 0.640000 0.754444 0.080000 0.122222
1 0.930000 0.828889 0.132500 0.115556
2 0.325000 0.630000 0.015000 0.100000
2 0.881250 0.662222 0.025000 0.088889
