0 0.551250 0.587778 0.022500 0.077778
0 0.955000 0.911111 0.025000 0.128889
0 0.984375 0.867778 0.026250 0.095556
0 0.860000 0.918889 0.030000 0.108889
0 0.888750 0.855556 0.022500 0.088889
0 0.927500 0.805556 0.022500 0.086667
0 0.837500 0.817778 0.022500 0.097778
0 0.791875 0.816667 0.023750 0.108889
0 0.752500 0.824444 0.022500 0.088889
0 0.722500 0.858889 0.022500 0.077778
0 0.692500 0.776667 0.022500 0.077778
0 0.829375 0.714444 0.026250 0.095556
0 0.865625 0.763333 0.026250 0.095556
0 0.899375 0.696667 0.026250 0.095556
0 0.173750 0.661111 0.022500 0.077778
0 0.207500 0.625556 0.022500 0.077778
0 0.676875 0.696667 0.026250 0.077778
0 0.788750 0.663333 0.022500 0.077778
0 0.187500 0.585556 0.022500 0.077778
0 0.168750 0.574444 0.022500 0.077778
0 0.118750 0.663333 0.022500 0.077778
0 0.658750 0.643333 0.022500 0.077778
0 0.145000 0.837778 0.032500 0.124444
0 0.343125 0.733333 0.023750 0.106667
1 0.398750 0.588889 0.047500 0.115556
1 0.620000 0.743333 0.065000 0.131111
1 0.590625 0.617778 0.051250 0.111111
1 0.280625 0.585556 0.068750 0.113333
