0 0.710000 0.678889 0.027500 0.113333
0 0.800625 0.797778 0.021250 0.097778
0 0.695000 0.778889 0.027500 0.113333
0 0.657500 0.847778 0.027500 0.113333
0 0.628750 0.894444 0.027500 0.113333
0 0.859375 0.668889 0.028750 0.097778
0 0.833125 0.723333 0.028750 0.104444
0 0.906250 0.812222 0.027500 0.113333
0 0.858750 0.814444 0.027500 0.113333
0 0.925000 0.930000 0.027500 0.113333
0 0.877500 0.907778 0.027500 0.113333
0 0.845000 0.934444 0.027500 0.113333
0 0.978750 0.927778 0.027500 0.113333
0 0.983750 0.823333 0.027500 0.113333
0 0.086250 0.767778 0.027500 0.113333
1 0.619375 0.628889 0.063750 0.133333
1 0.765625 0.933333 0.111250 0.133333
2 0.881250 0.584444 0.015000 0.075556
2 0.908750 0.595556 0.020000 0.066667
