0 0.034375 0.781111 0.028750 0.113333
0 0.171875 0.674444 0.028750 0.113333
0 0.118125 0.678889 0.028750 0.113333
0 0.213125 0.718889 0.028750 0.113333
0 0.149375 0.893333 0.041250 0.151111
0 0.319375 0.650000 0.028750 0.113333
0 0.145625 0.595556 0.023750 0.084444
0 0.586875 0.666667 0.023750 0.084444
0 0.631250 0.835556 0.025000 0.124444
0 0.565000 0.816667 0.020000 0.113333
0 0.548125 0.726667 0.023750 0.084444
0 0.680000 0.722222 0.025000 0.124444
0 0.728750 0.746667 0.025000 0.124444
0 0.751250 0.902222 0.025000 0.124444
0 0.637500 0.730000 0.017500 0.086667
0 0.750625 0.700000 0.021250 0.102222
0 0.816250 0.653333 0.022500 0.084444
0 0.946250 0.866667 0.030000 0.111111
0 0.833750 0.924444 0.025000 0.124444
2 0.256875 0.651111 0.031250 0.111111
2 0.856250 0.637778 0.015000 0.106667
2 0.881250 0.654444 0.015000 0.077778
1 0.613125 0.616667 0.056250 0.086667
1 0.882500 0.760000 0.110000 0.133333
