0 0.076250 0.756667 0.030000 0.113333
0 0.600625 0.801111 0.028750 0.113333
0 0.571250 0.677778 0.022500 0.066667
0 0.608750 0.674444 0.017500 0.086667
0 0.668750 0.730000 0.027500 0.108889
0 0.777500 0.862222 0.027500 0.106667
0 0.748750 0.770000 0.025000 0.122222
0 0.808125 0.810000 0.031250 0.108889
0 0.895000 0.871111 0.032500 0.120000
0 0.845625 0.783333 0.031250 0.104444
0 0.906250 0.767778 0.035000 0.117778
0 0.796875 0.706667 0.023750 0.093333
0 0.885625 0.652222 0.026250 0.082222
0 0.732500 0.691111 0.020000 0.088889
0 0.729375 0.922222 0.028750 0.137778
