0 0.916250 0.755556 0.030000 0.106667
0 0.681250 0.875556 0.030000 0.106667
0 0.832500 0.846667 0.030000 0.106667
0 0.907500 0.840000 0.030000 0.106667
0 0.978750 0.802222 0.030000 0.106667
0 0.760000 0.746667 0.030000 0.106667
0 0.570000 0.675556 0.030000 0.106667
0 0.608750 0.742222 0.030000 0.106667
0 0.871875 0.680000 0.021250 0.075556
0 0.828750 0.752222 0.027500 0.082222
0 0.168750 0.693333 0.030000 0.106667
0 0.263750 0.684444 0.030000 0.106667
0 0.338750 0.668889 0.030000 0.106667
0 0.059375 0.856667 0.041250 0.140000
0 0.171250 0.870000 0.042500 0.144444
0 0.093750 0.700000 0.030000 0.106667
1 0.651875 0.647778 0.061250 0.108889
1 0.754375 0.645556 0.078750 0.104444
2 0.191250 0.628889 0.020000 0.080000
2 0.163125 0.611111 0.021250 0.088889
