0 0.029375 0.742222 0.036250 0.115556
0 0.163125 0.763333 0.041250 0.113333
0 0.110625 0.684444 0.026250 0.093333
0 0.295625 0.622222 0.018750 0.075556
0 0.328125 0.617778 0.023750 0.084444
0 0.608750 0.710000 0.020000 0.095556
0 0.641875 0.696667 0.028750 0.091111
0 0.590625 0.652222 0.028750 0.091111
0 0.701250 0.755556 0.030000 0.106667
0 0.776250 0.807778 0.032500 0.091111
0 0.774375 0.700000 0.023750 0.093333
0 0.913125 0.913333 0.036250 0.124444
0 0.756875 0.638889 0.021250 0.077778
0 0.775000 0.620000 0.022500 0.066667
0 0.638125 0.612222 0.023750 0.064444
