0 0.826875 0.882222 0.031250 0.115556
0 0.781875 0.831111 0.031250 0.115556
0 0.841875 0.810000 0.036250 0.117778
0 0.875625 0.802222 0.031250 0.115556
0 0.950625 0.833333 0.031250 0.115556
0 0.873125 0.893333 0.031250 0.115556
0 0.671875 0.757778 0.031250 0.115556
0 0.576875 0.782222 0.031250 0.115556
0 0.539375 0.775556 0.031250 0.115556
0 0.743125 0.828889 0.031250 0.115556
0 0.695625 0.857778 0.031250 0.115556
0 0.141875 0.715556 0.031250 0.115556
0 0.054375 0.797778 0.031250 0.115556
0 0.081875 0.817778 0.031250 0.115556
0 0.048125 0.922222 0.031250 0.115556
0 0.144375 0.853333 0.031250 0.115556
0 0.288125 0.638889 0.021250 0.095556
0 0.870625 0.655556 0.031250 0.115556
0 0.801875 0.731111 0.031250 0.115556
0 0.914375 0.733333 0.031250 0.115556
0 0.230000 0.657778 0.025000 0.071111
0 0.189375 0.644444 0.031250 0.115556
0 0.181875 0.722222 0.031250 0.115556
0 0.106875 0.700000 0.031250 0.115556
0 0.118750 0.627778 0.027500 0.086667
0 0.338750 0.616667 0.027500 0.086667
0 0.168750 0.610000 0.027500 0.086667
0 0.420000 0.610000 0.027500 0.086667
1 0.370000 0.670000 0.075000 0.144444
1 0.239375 0.762222 0.093750 0.164444
1 0.678125 0.648889 0.058750 0.097778
1 0.605000 0.648889 0.080000 0.213333
