0 0.265625 0.701111 0.026250 0.100000
0 0.715000 0.823333 0.027500 0.104444
0 0.675000 0.758889 0.027500 0.104444
0 0.637500 0.754444 0.027500 0.104444
0 0.260625 0.581111 0.021250 0.082222
0 0.797500 0.890000 0.027500 0.104444
0 0.758750 0.898889 0.027500 0.104444
0 0.746250 0.770000 0.027500 0.104444
0 0.966250 0.881111 0.027500 0.104444
0 0.846250 0.818889 0.027500 0.104444
0 0.907500 0.732222 0.027500 0.104444
0 0.873125 0.924444 0.026250 0.111111
0 0.717500 0.941111 0.027500 0.104444
0 0.796250 0.698889 0.027500 0.104444
0 0.802500 0.805556 0.027500 0.104444
0 0.720000 0.712222 0.027500 0.104444
0 0.767500 0.710000 0.027500 0.104444
0 0.883750 0.672222 0.027500 0.104444
0 0.821250 0.687778 0.027500 0.104444
1 0.318125 0.821111 0.093750 0.180000
1 0.593750 0.665556 0.065000 0.122222
1 0.670000 0.646667 0.065000 0.097778
1 0.409375 0.575556 0.063750 0.208889
2 0.528125 0.634444 0.016250 0.091111
