0 0.174375 0.632222 0.028750 0.086667
0 0.722500 0.792222 0.032500 0.122222
0 0.536875 0.712222 0.028750 0.086667
0 0.538750 0.807778 0.027500 0.100000
0 0.182500 0.684444 0.022500 0.071111
0 0.218750 0.658889 0.022500 0.095556
0 0.213750 0.807778 0.022500 0.122222
0 0.108125 0.654444 0.028750 0.086667
0 0.756250 0.865556 0.032500 0.122222
0 0.833750 0.861111 0.032500 0.122222
0 0.948750 0.901111 0.032500 0.122222
0 0.876250 0.850000 0.032500 0.122222
0 0.701875 0.622222 0.023750 0.093333
0 0.730625 0.654444 0.023750 0.086667
0 0.801250 0.698889 0.020000 0.086667
0 0.783750 0.750000 0.027500 0.100000
0 0.770000 0.648889 0.022500 0.080000
0 0.588750 0.601111 0.022500 0.077778
0 0.641250 0.646667 0.025000 0.071111
1 0.636250 0.893333 0.105000 0.177778
1 0.083750 0.842222 0.142500 0.186667
1 0.287500 0.641111 0.065000 0.108889
1 0.367500 0.622222 0.067500 0.124444
1 0.598125 0.703333 0.058750 0.135556
2 0.850000 0.646667 0.027500 0.084444
