0 0.219375 0.591111 0.023750 0.097778
0 0.547500 0.623333 0.022500 0.077778
0 0.699375 0.760000 0.033750 0.124444
0 0.756250 0.828889 0.027500 0.128889
0 0.850000 0.877778 0.030000 0.128889
0 0.904375 0.835556 0.041250 0.133333
0 0.737500 0.708889 0.020000 0.088889
0 0.773750 0.705556 0.025000 0.095556
0 0.816875 0.720000 0.021250 0.115556
0 0.851875 0.731111 0.031250 0.097778
0 0.851875 0.654444 0.036250 0.068889
0 0.607500 0.602222 0.027500 0.071111
0 0.728750 0.650000 0.022500 0.060000
1 0.615625 0.750000 0.093750 0.224444
1 0.663125 0.608889 0.053750 0.084444
2 0.505625 0.597778 0.018750 0.080000
