0 0.060000 0.832222 0.037500 0.148889
0 0.078750 0.705556 0.035000 0.104444
0 0.138750 0.643333 0.030000 0.108889
0 0.195000 0.592222 0.015000 0.077778
0 0.298125 0.633333 0.021250 0.084444
0 0.318125 0.587778 0.018750 0.077778
0 0.561875 0.721111 0.028750 0.108889
0 0.578125 0.840000 0.033750 0.115556
0 0.619375 0.786667 0.033750 0.120000
0 0.651875 0.794444 0.033750 0.126667
0 0.704375 0.861111 0.038750 0.140000
0 0.800625 0.926667 0.043750 0.124444
0 0.713750 0.741111 0.030000 0.104444
0 0.755000 0.756667 0.025000 0.104444
0 0.958750 0.736667 0.032500 0.113333
0 0.931250 0.861111 0.037500 0.135556
0 0.893750 0.764444 0.035000 0.102222
0 0.782500 0.660000 0.022500 0.080000
0 0.620625 0.661111 0.028750 0.095556
1 0.415000 0.537778 0.055000 0.137778
1 0.346250 0.676667 0.072500 0.162222
1 0.222500 0.698889 0.115000 0.184444
1 0.829375 0.791111 0.101250 0.177778
1 0.667500 0.622222 0.060000 0.115556
1 0.577500 0.617778 0.050000 0.088889
1 0.661250 0.527778 0.050000 0.060000
1 0.363750 0.524444 0.047500 0.080000
