0 0.807500 0.727778 0.027500 0.104444
0 0.801250 0.862222 0.027500 0.106667
0 0.772500 0.907778 0.027500 0.104444
0 0.770000 0.707778 0.027500 0.104444
0 0.548750 0.677778 0.020000 0.097778
0 0.846250 0.865556 0.027500 0.104444
0 0.888750 0.796667 0.027500 0.104444
0 0.946250 0.741111 0.027500 0.104444
0 0.861250 0.696667 0.027500 0.104444
0 0.820000 0.794444 0.027500 0.104444
0 0.977500 0.876667 0.027500 0.104444
0 0.906250 0.907778 0.027500 0.104444
0 0.942500 0.905556 0.027500 0.104444
0 0.106250 0.687778 0.027500 0.104444
0 0.032500 0.823333 0.027500 0.104444
0 0.228750 0.838889 0.027500 0.104444
0 0.160000 0.663333 0.027500 0.104444
1 0.613125 0.814444 0.096250 0.166667
1 0.708125 0.762222 0.086250 0.133333
1 0.690625 0.626667 0.073750 0.102222
1 0.377500 0.690000 0.085000 0.157778
1 0.190625 0.715556 0.103750 0.128889
2 0.582500 0.628889 0.012500 0.084444
