0 0.071250 0.786667 0.027500 0.106667
0 0.140625 0.771111 0.028750 0.106667
0 0.085625 0.897778 0.033750 0.146667
0 0.136875 0.613333 0.023750 0.088889
0 0.020625 0.767778 0.026250 0.108889
0 0.669375 0.685556 0.028750 0.091111
0 0.795000 0.823333 0.030000 0.113333
0 0.886875 0.888889 0.033750 0.128889
0 0.754375 0.747778 0.026250 0.100000
0 0.823750 0.808889 0.030000 0.115556
0 0.863125 0.785556 0.028750 0.113333
0 0.798125 0.722222 0.026250 0.097778
0 0.602500 0.626667 0.025000 0.080000
0 0.630000 0.607778 0.025000 0.073333
0 0.736250 0.614444 0.015000 0.068889
0 0.800000 0.577778 0.025000 0.057778
1 0.355625 0.721111 0.098750 0.180000
1 0.224375 0.897778 0.136250 0.204444
1 0.236250 0.532222 0.142500 0.260000
