0 0.647500 0.623333 0.027500 0.082222
0 0.708750 0.781111 0.027500 0.082222
0 0.560000 0.847778 0.027500 0.082222
0 0.656250 0.794444 0.027500 0.082222
0 0.613750 0.847778 0.027500 0.082222
0 0.638750 0.723333 0.027500 0.082222
0 0.610000 0.652222 0.017500 0.091111
0 0.568750 0.650000 0.027500 0.082222
0 0.228750 0.630000 0.022500 0.073333
0 0.128750 0.652222 0.027500 0.082222
0 0.152500 0.741111 0.027500 0.082222
0 0.387500 0.675556 0.027500 0.102222
0 0.749375 0.860000 0.031250 0.097778
0 0.803750 0.905556 0.027500 0.108889
0 0.080625 0.867778 0.033750 0.140000
0 0.198750 0.638889 0.027500 0.082222
0 0.272500 0.600000 0.027500 0.075556
0 0.930625 0.915556 0.031250 0.097778
0 0.848125 0.920000 0.031250 0.097778
0 0.865625 0.773333 0.031250 0.097778
0 0.928125 0.764444 0.031250 0.097778
0 0.743125 0.753333 0.031250 0.097778
0 0.896875 0.700000 0.031250 0.097778
0 0.798125 0.748889 0.031250 0.097778
0 0.820625 0.691111 0.031250 0.097778
0 0.763125 0.700000 0.031250 0.097778
0 0.840625 0.631111 0.031250 0.097778
0 0.714375 0.691111 0.031250 0.097778
0 0.859375 0.695556 0.031250 0.097778
1 0.262500 0.704444 0.077500 0.124444
