0 0.196250 0.607778 0.032500 0.091111
0 0.679375 0.683333 0.028750 0.091111
0 0.730000 0.730000 0.027500 0.091111
0 0.744375 0.846667 0.028750 0.124444
0 0.861250 0.774444 0.027500 0.131111
0 0.775625 0.832222 0.033750 0.140000
0 0.805000 0.782222 0.030000 0.102222
0 0.907500 0.927778 0.045000 0.135556
0 0.938125 0.857778 0.041250 0.120000
0 0.789375 0.652222 0.018750 0.091111
0 0.755000 0.663333 0.030000 0.086667
0 0.826875 0.680000 0.031250 0.097778
0 0.721250 0.652222 0.027500 0.068889
1 0.601250 0.670000 0.080000 0.188889
1 0.658750 0.586667 0.047500 0.075556
2 0.510000 0.600000 0.020000 0.071111
