0 0.164375 0.861111 0.038750 0.144444
0 0.348750 0.636667 0.025000 0.108889
0 0.168750 0.600000 0.037500 0.120000
0 0.137500 0.677778 0.037500 0.120000
0 0.157500 0.735556 0.037500 0.120000
0 0.195625 0.730000 0.036250 0.113333
0 0.225000 0.655556 0.037500 0.120000
0 0.756250 0.754444 0.025000 0.108889
0 0.727500 0.783333 0.025000 0.108889
0 0.702500 0.841111 0.025000 0.108889
0 0.537500 0.721111 0.025000 0.108889
0 0.213125 0.587778 0.018750 0.077778
0 0.303750 0.605556 0.025000 0.108889
0 0.400000 0.576667 0.025000 0.108889
0 0.271250 0.656667 0.025000 0.108889
0 0.091250 0.647778 0.025000 0.108889
0 0.921250 0.920000 0.032500 0.115556
0 0.885000 0.743333 0.025000 0.108889
0 0.835000 0.803333 0.025000 0.108889
0 0.631250 0.692222 0.025000 0.108889
0 0.702500 0.683333 0.025000 0.108889
0 0.829375 0.692222 0.016250 0.100000
0 0.803750 0.723333 0.025000 0.108889
0 0.847500 0.654444 0.025000 0.108889
0 0.606250 0.646667 0.022500 0.102222
0 0.961250 0.885556 0.027500 0.131111
0 0.787500 0.658889 0.025000 0.108889
0 0.767500 0.674444 0.025000 0.108889
0 0.735000 0.665556 0.025000 0.108889
1 0.603125 0.798889 0.078750 0.175556
1 0.664375 0.582222 0.061250 0.088889
