0 0.355625 0.610000 0.026250 0.091111
0 0.324375 0.598889 0.016250 0.095556
0 0.306250 0.584444 0.022500 0.084444
0 0.769375 0.857778 0.048750 0.124444
0 0.820000 0.812222 0.035000 0.126667
0 0.903750 0.800000 0.032500 0.115556
0 0.701250 0.700000 0.035000 0.097778
0 0.647500 0.676667 0.035000 0.086667
0 0.850000 0.722222 0.037500 0.120000
0 0.775000 0.646667 0.035000 0.080000
0 0.891250 0.704444 0.030000 0.097778
0 0.610625 0.631111 0.026250 0.088889
1 0.635000 0.782222 0.092500 0.160000
1 0.693750 0.618889 0.075000 0.073333
