0 0.176875 0.851111 0.041250 0.137778
0 0.235000 0.613333 0.022500 0.088889
0 0.602500 0.834444 0.030000 0.122222
0 0.569375 0.742222 0.041250 0.111111
0 0.595625 0.660000 0.031250 0.097778
0 0.700000 0.833333 0.032500 0.128889
0 0.906250 0.930000 0.042500 0.140000
0 0.958125 0.906667 0.048750 0.137778
0 0.815625 0.820000 0.038750 0.133333
0 0.738750 0.731111 0.030000 0.111111
0 0.780000 0.732222 0.022500 0.108889
0 0.917500 0.706667 0.027500 0.102222
0 0.790625 0.637778 0.026250 0.093333
1 0.410625 0.568889 0.043750 0.097778
1 0.313125 0.912222 0.138750 0.175556
1 0.663750 0.604444 0.080000 0.191111
1 0.269375 0.653333 0.068750 0.111111
1 0.334375 0.576667 0.053750 0.082222
