0 0.024375 0.827778 0.033750 0.131111
0 0.108125 0.705556 0.021250 0.104444
0 0.131875 0.747778 0.031250 0.108889
0 0.204375 0.723333 0.026250 0.126667
0 0.176250 0.667778 0.025000 0.104444
0 0.225000 0.620000 0.020000 0.088889
0 0.260000 0.608889 0.027500 0.088889
0 0.574375 0.644444 0.023750 0.093333
0 0.623750 0.668889 0.025000 0.120000
0 0.683750 0.820000 0.030000 0.120000
0 0.700000 0.743333 0.030000 0.100000
0 0.743750 0.788889 0.027500 0.137778
0 0.810000 0.836667 0.040000 0.140000
0 0.915000 0.890000 0.047500 0.135556
0 0.651875 0.655556 0.023750 0.097778
0 0.681250 0.642222 0.027500 0.088889
0 0.901250 0.678889 0.030000 0.073333
0 0.930000 0.734444 0.025000 0.108889
0 0.855625 0.714444 0.028750 0.095556
0 0.786250 0.711111 0.025000 0.102222
0 0.745000 0.672222 0.022500 0.082222
0 0.828125 0.675556 0.021250 0.084444
1 0.309375 0.763333 0.083750 0.162222
