0 0.683750 0.685556 0.030000 0.091111
0 0.643125 0.655556 0.021250 0.088889
0 0.843750 0.718889 0.030000 0.091111
0 0.880000 0.618889 0.030000 0.091111
0 0.931875 0.875556 0.033750 0.115556
0 0.667500 0.803333 0.030000 0.091111
0 0.688125 0.910000 0.028750 0.113333
0 0.630000 0.915556 0.030000 0.128889
0 0.601250 0.854444 0.030000 0.091111
0 0.527500 0.714444 0.030000 0.091111
0 0.811875 0.642222 0.021250 0.088889
0 0.850625 0.620000 0.021250 0.088889
0 0.946250 0.732222 0.030000 0.091111
0 0.296875 0.665556 0.046250 0.104444
1 0.594375 0.698889 0.101250 0.188889
1 0.795625 0.861111 0.161250 0.277778
