0 0.211250 0.631111 0.017500 0.088889
0 0.290625 0.808889 0.023750 0.128889
0 0.311250 0.627778 0.025000 0.100000
0 0.245000 0.627778 0.017500 0.082222
0 0.270000 0.701111 0.020000 0.108889
0 0.173125 0.664444 0.028750 0.111111
0 0.103125 0.708889 0.023750 0.128889
0 0.136875 0.784444 0.023750 0.128889
0 0.068125 0.717778 0.023750 0.128889
0 0.198750 0.812222 0.017500 0.122222
0 0.351875 0.688889 0.023750 0.128889
0 0.398125 0.668889 0.023750 0.128889
0 0.163125 0.581111 0.021250 0.077778
0 0.596875 0.640000 0.028750 0.106667
0 0.696250 0.685556 0.025000 0.086667
0 0.654375 0.722222 0.026250 0.102222
0 0.798125 0.727778 0.023750 0.095556
0 0.855000 0.680000 0.025000 0.097778
0 0.926875 0.744444 0.023750 0.128889
0 0.883125 0.773333 0.023750 0.128889
0 0.850625 0.802222 0.023750 0.128889
0 0.901875 0.875556 0.023750 0.128889
0 0.818125 0.831111 0.023750 0.128889
0 0.542500 0.663333 0.025000 0.086667
0 0.073750 0.934444 0.037500 0.104444
0 0.782500 0.674444 0.025000 0.086667
0 0.727500 0.685556 0.025000 0.086667
1 0.602500 0.797778 0.085000 0.168889
