0 0.205625 0.757778 0.026250 0.093333
0 0.139375 0.731111 0.026250 0.093333
0 0.104375 0.724444 0.026250 0.093333
0 0.044375 0.715556 0.026250 0.093333
0 0.029375 0.842222 0.026250 0.093333
0 0.110625 0.804444 0.026250 0.093333
0 0.545625 0.815556 0.026250 0.093333
0 0.160625 0.653333 0.026250 0.093333
0 0.219375 0.662222 0.026250 0.093333
0 0.190625 0.651111 0.026250 0.093333
0 0.722500 0.936667 0.027500 0.113333
0 0.758125 0.891111 0.026250 0.093333
0 0.693125 0.826667 0.026250 0.093333
0 0.546875 0.686667 0.026250 0.093333
0 0.576875 0.882222 0.026250 0.093333
0 0.903750 0.830000 0.027500 0.113333
0 0.867500 0.856667 0.027500 0.113333
0 0.802500 0.890000 0.027500 0.113333
0 0.846250 0.761111 0.027500 0.113333
0 0.942500 0.781111 0.027500 0.113333
0 0.815000 0.778889 0.027500 0.113333
0 0.909375 0.948889 0.026250 0.093333
0 0.865625 0.953333 0.026250 0.093333
1 0.611875 0.685556 0.081250 0.233333
1 0.285000 0.681111 0.082500 0.117778
1 0.390625 0.603333 0.061250 0.108889
1 0.690625 0.672222 0.058750 0.108889
