0 0.115000 0.924444 0.042500 0.120000
0 0.142500 0.746667 0.035000 0.124444
0 0.215000 0.718889 0.030000 0.108889
0 0.061250 0.713333 0.025000 0.106667
0 0.040625 0.814444 0.046250 0.122222
0 0.196875 0.630000 0.021250 0.068889
0 0.121875 0.673333 0.033750 0.097778
0 0.244375 0.666667 0.026250 0.097778
0 0.266250 0.580000 0.022500 0.075556
0 0.189375 0.580000 0.028750 0.084444
0 0.233125 0.552222 0.018750 0.077778
0 0.870625 0.887778 0.041250 0.131111
0 0.801875 0.755556 0.038750 0.111111
0 0.845625 0.774444 0.036250 0.104444
0 0.751875 0.711111 0.031250 0.097778
0 0.637500 0.666667 0.035000 0.093333
0 0.902500 0.732222 0.035000 0.108889
0 0.840625 0.632222 0.033750 0.082222
0 0.750000 0.620000 0.025000 0.088889
0 0.819375 0.588889 0.021250 0.066667
1 0.694375 0.796667 0.091250 0.135556
1 0.685000 0.652222 0.060000 0.108889
1 0.595000 0.605556 0.047500 0.095556
1 0.335625 0.745556 0.081250 0.228889
1 0.345625 0.577778 0.051250 0.084444
1 0.431875 0.483333 0.038750 0.077778
2 0.910000 0.626667 0.015000 0.075556
