0 0.060625 0.717778 0.038750 0.115556
0 0.286250 0.614444 0.025000 0.091111
0 0.304375 0.530000 0.013750 0.068889
0 0.633125 0.710000 0.021250 0.086667
0 0.726875 0.780000 0.031250 0.115556
0 0.769375 0.750000 0.028750 0.122222
0 0.892500 0.793333 0.037500 0.124444
0 0.803750 0.693333 0.027500 0.102222
0 0.686250 0.651111 0.025000 0.102222
0 0.711875 0.646667 0.023750 0.102222
0 0.772500 0.597778 0.022500 0.080000
0 0.823125 0.623333 0.023750 0.077778
1 0.565625 0.717778 0.071250 0.128889
1 0.205000 0.751111 0.125000 0.231111
1 0.637500 0.610000 0.060000 0.108889
1 0.200000 0.557778 0.142500 0.191111
