0 0.370000 0.608889 0.020000 0.088889
0 0.610625 0.831111 0.038750 0.111111
0 0.770625 0.870000 0.031250 0.117778
0 0.866875 0.806667 0.031250 0.124444
0 0.765625 0.765556 0.026250 0.104444
0 0.604375 0.727778 0.023750 0.095556
0 0.563750 0.692222 0.022500 0.104444
0 0.778125 0.703333 0.021250 0.091111
0 0.788125 0.654444 0.021250 0.082222
0 0.613750 0.654444 0.017500 0.086667
0 0.580625 0.638889 0.021250 0.086667
0 0.858125 0.713333 0.021250 0.075556
0 0.960000 0.894444 0.040000 0.131111
1 0.665000 0.655556 0.075000 0.115556
