0 0.098750 0.863333 0.027500 0.153333
0 0.194375 0.854444 0.033750 0.122222
0 0.181250 0.773333 0.027500 0.093333
0 0.131875 0.637778 0.028750 0.088889
0 0.181875 0.626667 0.023750 0.080000
0 0.181875 0.578889 0.028750 0.060000
0 0.632500 0.630000 0.030000 0.091111
0 0.565000 0.601111 0.020000 0.091111
0 0.741250 0.800000 0.032500 0.128889
0 0.771875 0.781111 0.028750 0.122222
0 0.903750 0.922222 0.047500 0.133333
0 0.937500 0.824444 0.037500 0.120000
0 0.836250 0.737778 0.025000 0.102222
0 0.861875 0.702222 0.018750 0.097778
0 0.818125 0.682222 0.026250 0.097778
1 0.335000 0.754444 0.102500 0.197778
1 0.565000 0.742222 0.077500 0.137778
1 0.675625 0.740000 0.081250 0.142222
1 0.733125 0.588889 0.116250 0.231111
