0 0.566250 0.701111 0.025000 0.095556
0 0.610625 0.690000 0.031250 0.095556
0 0.941250 0.928889 0.047500 0.137778
0 0.802500 0.752222 0.030000 0.117778
0 0.833750 0.823333 0.030000 0.117778
0 0.870000 0.812222 0.030000 0.117778
0 0.668750 0.747778 0.030000 0.117778
0 0.653750 0.912222 0.030000 0.117778
0 0.630000 0.790000 0.030000 0.117778
0 0.565625 0.835556 0.036250 0.115556
0 0.887500 0.734444 0.047500 0.095556
0 0.810625 0.672222 0.026250 0.086667
1 0.748125 0.897778 0.126250 0.204444
1 0.575000 0.568889 0.060000 0.128889
