0 0.033750 0.925556 0.035000 0.077778
0 0.028125 0.847778 0.041250 0.100000
0 0.103750 0.883333 0.027500 0.140000
0 0.070625 0.825556 0.033750 0.117778
0 0.134375 0.763333 0.033750 0.095556
0 0.097500 0.748889 0.025000 0.080000
0 0.073125 0.718889 0.028750 0.068889
0 0.174375 0.676667 0.028750 0.051111
0 0.195000 0.718889 0.035000 0.060000
0 0.213750 0.665556 0.032500 0.068889
0 0.168750 0.593333 0.032500 0.062222
0 0.563125 0.920000 0.038750 0.128889
0 0.561250 0.766667 0.035000 0.124444
0 0.555000 0.664444 0.025000 0.088889
0 0.691875 0.808889 0.033750 0.111111
0 0.866250 0.917778 0.040000 0.128889
0 0.824375 0.795556 0.036250 0.106667
0 0.893125 0.824444 0.036250 0.111111
0 0.855000 0.754444 0.037500 0.100000
0 0.789375 0.692222 0.031250 0.086667
0 0.711250 0.620000 0.025000 0.066667
0 0.669375 0.612222 0.028750 0.082222
1 0.405000 0.603333 0.052500 0.108889
1 0.620000 0.643333 0.070000 0.166667
1 0.211250 0.794444 0.102500 0.157778
1 0.313125 0.885556 0.136250 0.228889
1 0.319375 0.635556 0.061250 0.133333
1 0.739375 0.737778 0.091250 0.124444
