0 0.085625 0.813333 0.031250 0.124444
0 0.924375 0.926667 0.031250 0.124444
0 0.533125 0.806667 0.031250 0.124444
0 0.105625 0.655556 0.031250 0.124444
0 0.278125 0.737778 0.031250 0.124444
0 0.344375 0.888889 0.031250 0.124444
0 0.291875 0.908889 0.031250 0.124444
0 0.184375 0.884444 0.031250 0.124444
0 0.194375 0.733333 0.031250 0.124444
0 0.146875 0.728889 0.031250 0.124444
0 0.889375 0.683333 0.031250 0.104444
0 0.854375 0.786667 0.031250 0.124444
0 0.933125 0.844444 0.031250 0.124444
0 0.703125 0.646667 0.026250 0.084444
0 0.657500 0.628889 0.027500 0.084444
0 0.836875 0.697778 0.023750 0.097778
0 0.621250 0.641111 0.027500 0.091111
0 0.808750 0.716667 0.022500 0.104444
0 0.771875 0.738889 0.021250 0.100000
0 0.576875 0.608889 0.026250 0.084444
0 0.546875 0.631111 0.026250 0.084444
1 0.602500 0.796667 0.082500 0.171111
1 0.720000 0.866667 0.097500 0.177778
