0 0.550000 0.633333 0.025000 0.097778
0 0.783750 0.762222 0.025000 0.097778
0 0.845625 0.862222 0.028750 0.124444
0 0.777500 0.901111 0.040000 0.140000
0 0.658750 0.795556 0.025000 0.097778
0 0.575000 0.771111 0.025000 0.097778
0 0.616250 0.775556 0.025000 0.097778
0 0.616250 0.611111 0.025000 0.097778
0 0.793750 0.657778 0.025000 0.097778
0 0.853125 0.645556 0.023750 0.086667
0 0.871250 0.704444 0.025000 0.097778
0 0.895000 0.660000 0.025000 0.097778
0 0.913750 0.870000 0.035000 0.126667
0 0.823125 0.625556 0.021250 0.082222
0 0.628750 0.703333 0.025000 0.077778
0 0.671875 0.610000 0.026250 0.091111
