0 0.041875 0.714444 0.033750 0.113333
0 0.556875 0.692222 0.021250 0.104444
0 0.606875 0.748889 0.033750 0.111111
0 0.663125 0.756667 0.041250 0.122222
0 0.551250 0.590000 0.030000 0.073333
0 0.602500 0.603333 0.032500 0.091111
0 0.709375 0.701111 0.026250 0.113333
0 0.758750 0.830000 0.030000 0.126667
0 0.785000 0.771111 0.037500 0.111111
0 0.742500 0.651111 0.017500 0.084444
0 0.842500 0.807778 0.035000 0.117778
0 0.895625 0.875556 0.036250 0.137778
0 0.966250 0.887778 0.027500 0.113333
0 0.842500 0.687778 0.025000 0.086667
1 0.378125 0.694444 0.063750 0.140000
1 0.199375 0.758889 0.113750 0.157778
1 0.296875 0.652222 0.083750 0.108889
1 0.636250 0.536667 0.065000 0.148889
