0 0.076875 0.787778 0.026250 0.135556
0 0.048125 0.751111 0.046250 0.115556
0 0.164375 0.885556 0.038750 0.135556
0 0.232500 0.723333 0.032500 0.117778
0 0.184375 0.711111 0.028750 0.120000
0 0.131250 0.690000 0.027500 0.117778
0 0.109375 0.675556 0.026250 0.111111
0 0.296250 0.665556 0.025000 0.108889
0 0.368750 0.630000 0.022500 0.091111
0 0.220625 0.618889 0.023750 0.091111
0 0.175000 0.608889 0.022500 0.088889
0 0.553125 0.838889 0.043750 0.135556
0 0.688750 0.695556 0.027500 0.106667
0 0.749375 0.727778 0.026250 0.100000
0 0.775625 0.794444 0.033750 0.113333
0 0.821875 0.823333 0.031250 0.122222
0 0.845000 0.767778 0.032500 0.117778
0 0.914375 0.855556 0.046250 0.146667
0 0.797500 0.692222 0.022500 0.100000
0 0.718125 0.664444 0.023750 0.088889
0 0.855625 0.704444 0.031250 0.080000
0 0.801875 0.912222 0.033750 0.148889
1 0.594375 0.606667 0.056250 0.093333
