0 0.068125 0.814444 0.036250 0.131111
0 0.814375 0.827778 0.028750 0.131111
0 0.875625 0.706667 0.026250 0.093333
0 0.635625 0.757778 0.028750 0.115556
0 0.653750 0.655556 0.022500 0.084444
0 0.915625 0.881111 0.031250 0.100000
0 0.842500 0.786667 0.025000 0.084444
0 0.628750 0.618889 0.025000 0.086667
0 0.751875 0.643333 0.031250 0.086667
0 0.909375 0.758889 0.031250 0.086667
0 0.605000 0.597778 0.022500 0.075556
0 0.865000 0.641111 0.020000 0.082222
2 0.677500 0.648889 0.017500 0.097778
1 0.740625 0.783333 0.098750 0.153333
1 0.340625 0.744444 0.118750 0.320000
1 0.239375 0.676667 0.101250 0.188889
