0 0.615000 0.736667 0.027500 0.082222
0 0.846250 0.683333 0.027500 0.082222
0 0.725000 0.645556 0.027500 0.082222
0 0.947500 0.730000 0.027500 0.082222
0 0.565000 0.745556 0.027500 0.082222
0 0.256250 0.583333 0.027500 0.082222
0 0.188750 0.670000 0.027500 0.091111
0 0.676875 0.642222 0.031250 0.080000
0 0.869375 0.883333 0.036250 0.104444
0 0.601250 0.818889 0.027500 0.082222
0 0.212500 0.612222 0.027500 0.091111
0 0.328750 0.625556 0.027500 0.091111
0 0.192500 0.798889 0.027500 0.091111
0 0.082500 0.783333 0.027500 0.091111
0 0.562500 0.883333 0.027500 0.091111
0 0.688125 0.912222 0.031250 0.117778
0 0.827500 0.770000 0.027500 0.091111
0 0.618750 0.663333 0.022500 0.086667
0 0.820625 0.606667 0.023750 0.071111
0 0.573750 0.625556 0.027500 0.082222
0 0.860000 0.658889 0.027500 0.082222
0 0.888750 0.810000 0.027500 0.082222
1 0.764375 0.810000 0.113750 0.175556
1 0.240000 0.874444 0.145000 0.251111
1 0.375000 0.635556 0.080000 0.191111
1 0.775625 0.647778 0.061250 0.100000
