0 0.552500 0.651111 0.020000 0.084444
0 0.685625 0.696667 0.021250 0.082222
0 0.841875 0.797778 0.028750 0.102222
0 0.728750 0.932222 0.035000 0.135556
0 0.871250 0.908889 0.030000 0.133333
0 0.900625 0.838889 0.038750 0.117778
0 0.817500 0.668889 0.022500 0.075556
0 0.763750 0.670000 0.022500 0.077778
0 0.714375 0.632222 0.021250 0.086667
0 0.739375 0.630000 0.018750 0.082222
0 0.818750 0.595556 0.020000 0.075556
0 0.766875 0.573333 0.011250 0.062222
1 0.622500 0.774444 0.082500 0.131111
1 0.768125 0.770000 0.091250 0.126667
1 0.658750 0.595556 0.055000 0.084444
