0 0.872500 0.686667 0.022500 0.080000
0 0.818750 0.682222 0.022500 0.080000
0 0.541250 0.675556 0.022500 0.080000
0 0.780000 0.660000 0.022500 0.080000
0 0.940000 0.815556 0.022500 0.080000
0 0.889375 0.926667 0.028750 0.106667
0 0.913750 0.820000 0.022500 0.080000
0 0.920000 0.717778 0.022500 0.080000
0 0.868125 0.608889 0.023750 0.062222
0 0.668750 0.608889 0.022500 0.080000
0 0.153750 0.631111 0.022500 0.080000
0 0.076250 0.753333 0.022500 0.080000
0 0.100000 0.815556 0.017500 0.120000
0 0.131250 0.828889 0.022500 0.106667
0 0.200625 0.790000 0.023750 0.086667
0 0.181250 0.697778 0.022500 0.080000
0 0.222500 0.677778 0.022500 0.080000
0 0.248750 0.688889 0.022500 0.080000
0 0.405000 0.637778 0.022500 0.080000
0 0.232500 0.611111 0.020000 0.071111
0 0.187500 0.577778 0.020000 0.084444
1 0.604375 0.717778 0.068750 0.155556
1 0.639375 0.930000 0.101250 0.140000
1 0.340000 0.810000 0.110000 0.237778
1 0.166250 0.923333 0.142500 0.153333
1 0.312500 0.653333 0.072500 0.115556
2 0.591250 0.611111 0.017500 0.053333
