0 0.176250 0.658889 0.032500 0.095556
0 0.271250 0.685556 0.050000 0.095556
0 0.656250 0.780000 0.035000 0.115556
0 0.678125 0.675556 0.033750 0.088889
0 0.751875 0.796667 0.031250 0.144444
0 0.950625 0.874444 0.048750 0.135556
0 0.806875 0.738889 0.036250 0.122222
0 0.848125 0.680000 0.031250 0.097778
0 0.740625 0.648889 0.021250 0.088889
0 0.798125 0.636667 0.031250 0.077778
2 0.388750 0.602222 0.020000 0.097778
1 0.578125 0.613333 0.061250 0.115556
1 0.142500 0.907778 0.165000 0.184444
1 0.865000 0.935556 0.147500 0.128889
