0 0.041250 0.816667 0.040000 0.126667
0 0.128750 0.852222 0.040000 0.126667
0 0.222500 0.667778 0.030000 0.095556
0 0.243750 0.710000 0.030000 0.095556
0 0.182500 0.752222 0.020000 0.100000
0 0.142500 0.754444 0.030000 0.095556
0 0.256250 0.634444 0.030000 0.095556
0 0.192500 0.656667 0.030000 0.095556
0 0.161250 0.656667 0.030000 0.095556
0 0.215625 0.566667 0.021250 0.084444
0 0.295625 0.577778 0.026250 0.088889
0 0.245625 0.578889 0.021250 0.068889
0 0.646875 0.846667 0.026250 0.088889
0 0.649375 0.700000 0.026250 0.088889
0 0.525625 0.695556 0.026250 0.088889
0 0.801875 0.737778 0.026250 0.088889
0 0.743125 0.708889 0.026250 0.088889
0 0.684375 0.895556 0.026250 0.088889
0 0.911875 0.724444 0.026250 0.088889
0 0.824375 0.695556 0.026250 0.088889
0 0.813125 0.857778 0.026250 0.088889
0 0.850625 0.613333 0.026250 0.088889
0 0.770625 0.671111 0.026250 0.088889
0 0.901250 0.824444 0.030000 0.102222
0 0.934375 0.910000 0.023750 0.113333
0 0.880000 0.905556 0.032500 0.113333
0 0.699375 0.620000 0.026250 0.088889
0 0.670625 0.626667 0.026250 0.088889
0 0.629375 0.640000 0.026250 0.088889
0 0.738125 0.628889 0.026250 0.088889
1 0.271875 0.907778 0.136250 0.184444
1 0.748125 0.860000 0.103750 0.186667
1 0.580000 0.728889 0.067500 0.106667
