0 0.087500 0.825556 0.032500 0.122222
0 0.347500 0.656667 0.032500 0.122222
0 0.168750 0.632222 0.032500 0.122222
0 0.220000 0.647778 0.032500 0.122222
0 0.277500 0.743333 0.032500 0.122222
0 0.133750 0.741111 0.032500 0.122222
0 0.628750 0.852222 0.030000 0.113333
0 0.823750 0.697778 0.025000 0.106667
0 0.778125 0.703333 0.023750 0.100000
0 0.713750 0.636667 0.027500 0.091111
0 0.973750 0.721111 0.030000 0.113333
0 0.932500 0.743333 0.030000 0.113333
0 0.892500 0.776667 0.030000 0.113333
0 0.878750 0.704444 0.022500 0.102222
0 0.623125 0.618889 0.018750 0.095556
0 0.598750 0.626667 0.022500 0.102222
0 0.898750 0.682222 0.022500 0.102222
2 0.310000 0.622222 0.020000 0.093333
2 0.291875 0.597778 0.021250 0.088889
1 0.694375 0.764444 0.081250 0.137778
1 0.208750 0.928889 0.135000 0.142222
1 0.924375 0.918889 0.151250 0.162222
