0 0.166875 0.670000 0.026250 0.095556
0 0.229375 0.636667 0.026250 0.095556
0 0.335000 0.681111 0.025000 0.095556
0 0.793125 0.825556 0.026250 0.095556
0 0.608125 0.678889 0.026250 0.095556
0 0.939375 0.932222 0.026250 0.095556
0 0.875625 0.721111 0.026250 0.095556
0 0.843125 0.825556 0.026250 0.095556
0 0.603125 0.887778 0.026250 0.095556
0 0.563125 0.767778 0.026250 0.095556
0 0.366875 0.630000 0.026250 0.095556
0 0.256875 0.576667 0.026250 0.095556
0 0.183750 0.631111 0.035000 0.088889
0 0.086875 0.687778 0.026250 0.095556
0 0.109375 0.736667 0.026250 0.095556
0 0.743125 0.641111 0.026250 0.095556
0 0.683125 0.632222 0.026250 0.095556
0 0.824375 0.752222 0.026250 0.095556
0 0.880625 0.950000 0.026250 0.095556
0 0.891875 0.903333 0.026250 0.095556
0 0.622500 0.612222 0.020000 0.073333
0 0.797500 0.615556 0.020000 0.071111
0 0.918125 0.693333 0.031250 0.080000
1 0.713750 0.802222 0.127500 0.240000
1 0.328125 0.882222 0.118750 0.235556
1 0.305000 0.601111 0.072500 0.166667
