0 0.168750 0.630000 0.025000 0.086667
0 0.906250 0.772222 0.025000 0.086667
0 0.623750 0.696667 0.025000 0.086667
0 0.745000 0.707778 0.025000 0.086667
0 0.868750 0.794444 0.025000 0.086667
0 0.572500 0.860000 0.027500 0.115556
0 0.631250 0.805556 0.025000 0.086667
0 0.185000 0.810000 0.025000 0.086667
0 0.249375 0.660000 0.028750 0.097778
0 0.200000 0.676667 0.025000 0.086667
0 0.157500 0.712222 0.025000 0.086667
0 0.053750 0.772222 0.025000 0.086667
0 0.786250 0.767778 0.022500 0.073333
0 0.833750 0.705556 0.025000 0.086667
0 0.933750 0.741111 0.025000 0.086667
0 0.937500 0.908889 0.027500 0.097778
0 0.766250 0.672222 0.025000 0.086667
1 0.575000 0.666667 0.050000 0.111111
1 0.683125 0.672222 0.071250 0.117778
1 0.757500 0.881111 0.112500 0.175556
1 0.395625 0.606667 0.058750 0.133333
