0 0.036875 0.887778 0.031250 0.108889
0 0.080000 0.711111 0.025000 0.088889
0 0.163750 0.768889 0.025000 0.088889
0 0.117500 0.768889 0.025000 0.088889
0 0.106875 0.896667 0.031250 0.108889
0 0.188750 0.620000 0.025000 0.088889
0 0.160000 0.593333 0.025000 0.088889
0 0.168750 0.697778 0.025000 0.088889
0 0.211250 0.648889 0.025000 0.088889
0 0.532500 0.666667 0.025000 0.088889
0 0.225000 0.575556 0.025000 0.088889
0 0.268750 0.606667 0.025000 0.088889
0 0.595000 0.651111 0.025000 0.088889
0 0.566250 0.917778 0.025000 0.088889
0 0.563750 0.722222 0.025000 0.088889
0 0.951875 0.842222 0.026250 0.102222
0 0.622500 0.617778 0.025000 0.088889
0 0.561250 0.635556 0.025000 0.088889
0 0.881875 0.893333 0.026250 0.102222
0 0.915625 0.853333 0.026250 0.102222
0 0.570000 0.815556 0.025000 0.088889
0 0.781875 0.647778 0.023750 0.073333
0 0.930000 0.764444 0.025000 0.088889
2 0.742500 0.646667 0.017500 0.084444
1 0.644375 0.796667 0.093750 0.157778
1 0.700625 0.686667 0.086250 0.124444
1 0.228125 0.770000 0.113750 0.206667
1 0.311250 0.890000 0.137500 0.220000
1 0.391250 0.623333 0.072500 0.140000
1 0.775000 0.927778 0.120000 0.144444
1 0.820625 0.753333 0.088750 0.124444
