0 0.166250 0.747778 0.020000 0.104444
0 0.232500 0.703333 0.020000 0.104444
0 0.066250 0.790000 0.020000 0.104444
0 0.300000 0.690000 0.020000 0.104444
0 0.142500 0.745556 0.020000 0.104444
0 0.086250 0.852222 0.020000 0.104444
0 0.162500 0.634444 0.020000 0.104444
0 0.281250 0.658889 0.020000 0.104444
0 0.561250 0.687778 0.020000 0.104444
0 0.544375 0.757778 0.023750 0.093333
0 0.262500 0.643333 0.020000 0.104444
0 0.077500 0.705556 0.020000 0.104444
0 0.308750 0.610000 0.020000 0.104444
0 0.217500 0.681111 0.020000 0.104444
0 0.263125 0.555556 0.018750 0.057778
0 0.901250 0.818889 0.020000 0.104444
0 0.828750 0.836667 0.020000 0.104444
0 0.783750 0.883333 0.020000 0.104444
0 0.945625 0.940000 0.023750 0.093333
0 0.935625 0.795556 0.023750 0.093333
0 0.871875 0.740000 0.023750 0.093333
0 0.883125 0.934444 0.028750 0.108889
0 0.793125 0.704444 0.023750 0.093333
0 0.763125 0.715556 0.023750 0.093333
0 0.884375 0.655556 0.023750 0.093333
0 0.848125 0.742222 0.023750 0.093333
0 0.823125 0.686667 0.023750 0.093333
0 0.853125 0.668889 0.023750 0.093333
1 0.329375 0.840000 0.113750 0.248889
1 0.702500 0.751111 0.087500 0.120000
1 0.606875 0.640000 0.066250 0.106667
1 0.383750 0.625556 0.062500 0.104444
2 0.718125 0.642222 0.016250 0.088889
