0 0.136250 0.690000 0.035000 0.100000
0 0.244375 0.714444 0.041250 0.104444
0 0.641250 0.742222 0.040000 0.111111
0 0.736250 0.764444 0.030000 0.111111
0 0.918750 0.831111 0.030000 0.133333
0 0.789375 0.706667 0.031250 0.106667
0 0.671250 0.651111 0.030000 0.088889
0 0.730000 0.631111 0.020000 0.088889
0 0.835625 0.661111 0.026250 0.104444
0 0.786875 0.622222 0.026250 0.084444
1 0.841875 0.905556 0.133750 0.188889
1 0.577500 0.588889 0.057500 0.102222
1 0.124375 0.927778 0.151250 0.144444
2 0.401250 0.606667 0.025000 0.093333
