0 0.181250 0.800000 0.027500 0.111111
0 0.255000 0.766667 0.027500 0.111111
0 0.346250 0.773333 0.027500 0.111111
0 0.287500 0.928889 0.027500 0.111111
0 0.162500 0.942222 0.027500 0.111111
0 0.105000 0.875556 0.027500 0.111111
0 0.680000 0.886667 0.027500 0.111111
0 0.537500 0.777778 0.027500 0.111111
0 0.105000 0.764444 0.027500 0.111111
0 0.666250 0.811111 0.027500 0.111111
0 0.696250 0.740000 0.027500 0.111111
0 0.125000 0.664444 0.027500 0.111111
0 0.617500 0.664444 0.025000 0.088889
0 0.538125 0.683333 0.026250 0.095556
0 0.798750 0.744444 0.027500 0.111111
0 0.330000 0.602222 0.025000 0.088889
0 0.355000 0.602222 0.025000 0.088889
0 0.407500 0.604444 0.025000 0.088889
0 0.369375 0.672222 0.028750 0.082222
0 0.176250 0.597778 0.025000 0.088889
0 0.176250 0.693333 0.025000 0.088889
0 0.222500 0.702222 0.025000 0.088889
0 0.098750 0.640000 0.025000 0.088889
0 0.792500 0.628889 0.025000 0.088889
0 0.758750 0.624444 0.025000 0.088889
0 0.861250 0.664444 0.025000 0.088889
0 0.820000 0.655556 0.025000 0.088889
0 0.777500 0.668889 0.025000 0.088889
1 0.774375 0.875556 0.111250 0.124444
1 0.603125 0.790000 0.071250 0.157778
1 0.928750 0.911111 0.142500 0.177778
2 0.903750 0.630000 0.017500 0.095556
