0 0.150625 0.912222 0.041250 0.135556
0 0.210000 0.642222 0.032500 0.097778
0 0.581250 0.902222 0.045000 0.146667
0 0.683750 0.793333 0.045000 0.115556
0 0.595000 0.777778 0.045000 0.106667
0 0.565625 0.711111 0.036250 0.102222
0 0.805000 0.790000 0.032500 0.113333
0 0.870000 0.791111 0.025000 0.106667
0 0.928125 0.863333 0.046250 0.131111
0 0.904375 0.687778 0.033750 0.091111
0 0.730000 0.703333 0.025000 0.100000
0 0.768125 0.710000 0.026250 0.108889
0 0.805000 0.684444 0.025000 0.093333
1 0.262500 0.663333 0.080000 0.117778
1 0.406250 0.583333 0.045000 0.100000
1 0.657500 0.591111 0.077500 0.186667
1 0.328125 0.592222 0.058750 0.082222
1 0.304375 0.934444 0.126250 0.131111
