0 0.176250 0.726667 0.037500 0.124444
0 0.046250 0.815556 0.042500 0.137778
0 0.209375 0.637778 0.026250 0.080000
0 0.343125 0.618889 0.038750 0.108889
0 0.269375 0.637778 0.023750 0.066667
0 0.043125 0.704444 0.041250 0.088889
0 0.601875 0.777778 0.038750 0.115556
0 0.807500 0.780000 0.040000 0.111111
0 0.861250 0.766667 0.055000 0.133333
0 0.848125 0.655556 0.036250 0.084444
0 0.755625 0.673333 0.033750 0.088889
0 0.608750 0.680000 0.037500 0.102222
0 0.599375 0.600000 0.026250 0.057778
0 0.785000 0.608889 0.040000 0.071111
0 0.717500 0.567778 0.032500 0.068889
1 0.707500 0.794444 0.105000 0.175556
1 0.679375 0.628889 0.071250 0.106667
1 0.334375 0.837778 0.111250 0.235556
1 0.247500 0.748889 0.090000 0.182222
2 0.871875 0.581111 0.016250 0.077778
