0 0.146875 0.610000 0.028750 0.086667
0 0.745625 0.705556 0.028750 0.086667
0 0.824375 0.823333 0.028750 0.086667
0 0.748125 0.875556 0.031250 0.128889
0 0.654375 0.692222 0.028750 0.086667
0 0.553750 0.890000 0.032500 0.131111
0 0.535625 0.794444 0.028750 0.086667
0 0.023125 0.803333 0.028750 0.086667
0 0.255625 0.698889 0.028750 0.086667
0 0.249375 0.614444 0.028750 0.086667
0 0.209375 0.630000 0.031250 0.082222
0 0.943125 0.718889 0.028750 0.086667
0 0.895625 0.827778 0.028750 0.086667
0 0.786875 0.675556 0.018750 0.066667
0 0.714375 0.641111 0.028750 0.086667
0 0.820625 0.707778 0.028750 0.086667
0 0.838125 0.636667 0.028750 0.086667
1 0.597500 0.717778 0.070000 0.146667
1 0.376250 0.580000 0.057500 0.097778
1 0.638750 0.905556 0.110000 0.162222
1 0.148125 0.752222 0.111250 0.148889
1 0.308750 0.590000 0.055000 0.095556
2 0.858750 0.645556 0.022500 0.091111
