0 0.084375 0.741111 0.031250 0.108889
0 0.155625 0.832222 0.031250 0.108889
0 0.130625 0.776667 0.031250 0.108889
0 0.218125 0.743333 0.031250 0.108889
0 0.190625 0.730000 0.031250 0.108889
0 0.165625 0.701111 0.031250 0.108889
0 0.268125 0.674444 0.031250 0.108889
0 0.224375 0.854444 0.031250 0.108889
0 0.048125 0.838889 0.031250 0.108889
0 0.541875 0.696667 0.031250 0.108889
0 0.177500 0.623333 0.030000 0.095556
0 0.216875 0.643333 0.021250 0.091111
0 0.784375 0.750000 0.031250 0.108889
0 0.751875 0.778889 0.031250 0.108889
0 0.694375 0.941111 0.031250 0.108889
0 0.643125 0.872222 0.031250 0.108889
0 0.945625 0.763333 0.031250 0.108889
0 0.889375 0.907778 0.031250 0.108889
0 0.931875 0.847778 0.031250 0.108889
0 0.824375 0.812222 0.031250 0.108889
0 0.883125 0.721111 0.031250 0.108889
0 0.860625 0.745556 0.031250 0.108889
0 0.808125 0.690000 0.031250 0.108889
0 0.831875 0.683333 0.031250 0.108889
0 0.638125 0.638889 0.031250 0.108889
0 0.740625 0.655556 0.018750 0.088889
1 0.685625 0.706667 0.076250 0.111111
1 0.363750 0.696667 0.067500 0.122222
2 0.713125 0.640000 0.013750 0.071111
