0 0.933750 0.863333 0.032500 0.108889
0 0.685000 0.758889 0.032500 0.108889
0 0.782500 0.832222 0.032500 0.108889
0 0.712500 0.843333 0.032500 0.108889
0 0.648750 0.690000 0.032500 0.108889
0 0.627500 0.752222 0.032500 0.108889
0 0.565000 0.725556 0.032500 0.108889
0 0.186250 0.618889 0.032500 0.108889
0 0.243750 0.743333 0.032500 0.108889
0 0.123750 0.818889 0.032500 0.108889
0 0.773750 0.613333 0.025000 0.071111
0 0.807500 0.627778 0.032500 0.108889
0 0.891250 0.658889 0.032500 0.108889
0 0.917500 0.725556 0.032500 0.108889
0 0.867500 0.874444 0.032500 0.108889
0 0.230000 0.601111 0.032500 0.108889
1 0.395000 0.623333 0.067500 0.148889
1 0.321875 0.618889 0.083750 0.171111
1 0.835625 0.766667 0.098750 0.124444
1 0.716250 0.693333 0.085000 0.102222
