0 0.101250 0.784444 0.035000 0.128889
0 0.039375 0.755556 0.028750 0.124444
0 0.110000 0.667778 0.022500 0.091111
0 0.160000 0.622222 0.022500 0.084444
0 0.593125 0.895556 0.033750 0.133333
0 0.715000 0.910000 0.055000 0.144444
0 0.564375 0.747778 0.026250 0.108889
0 0.956250 0.910000 0.040000 0.131111
0 0.768750 0.797778 0.027500 0.124444
0 0.625000 0.820000 0.040000 0.106667
0 0.665625 0.831111 0.028750 0.128889
0 0.720625 0.786667 0.018750 0.088889
0 0.621875 0.683333 0.031250 0.100000
0 0.880625 0.676667 0.023750 0.095556
0 0.298750 0.617778 0.025000 0.093333
0 0.212500 0.573333 0.020000 0.071111
1 0.356250 0.643333 0.055000 0.144444
1 0.231875 0.698889 0.108750 0.193333
1 0.848125 0.820000 0.113750 0.164444
1 0.670625 0.636667 0.063750 0.108889
1 0.578750 0.632222 0.052500 0.100000
1 0.664375 0.542222 0.051250 0.071111
1 0.418125 0.527778 0.051250 0.131111
