0 0.296250 0.860000 0.037500 0.151111
0 0.128750 0.860000 0.025000 0.142222
0 0.048750 0.874444 0.047500 0.148889
0 0.106250 0.771111 0.042500 0.137778
0 0.211250 0.751111 0.035000 0.120000
0 0.181250 0.735556 0.035000 0.124444
0 0.160625 0.677778 0.023750 0.115556
0 0.262500 0.613333 0.025000 0.111111
0 0.390625 0.537778 0.018750 0.080000
0 0.158750 0.583333 0.030000 0.055556
0 0.626875 0.824444 0.033750 0.133333
0 0.611875 0.704444 0.038750 0.106667
0 0.571250 0.618889 0.020000 0.100000
0 0.805625 0.766667 0.028750 0.106667
0 0.981875 0.771111 0.036250 0.124444
0 0.878125 0.835556 0.041250 0.128889
0 0.936875 0.833333 0.038750 0.111111
0 0.785625 0.693333 0.033750 0.102222
0 0.768750 0.621111 0.027500 0.091111
0 0.265625 0.542222 0.028750 0.053333
0 0.728125 0.571111 0.036250 0.071111
0 0.604375 0.637778 0.031250 0.080000
1 0.715625 0.714444 0.088750 0.126667
1 0.774375 0.933333 0.141250 0.133333
1 0.386875 0.637778 0.071250 0.137778
1 0.311250 0.626667 0.072500 0.137778
1 0.198125 0.927778 0.108750 0.140000
1 0.578750 0.498889 0.037500 0.060000
2 0.880000 0.594444 0.020000 0.086667
