0 0.073125 0.905556 0.038750 0.135556
0 0.076250 0.724444 0.032500 0.120000
0 0.132500 0.735556 0.042500 0.124444
0 0.139375 0.638889 0.031250 0.077778
0 0.179375 0.600000 0.021250 0.084444
0 0.570000 0.786667 0.037500 0.133333
0 0.635000 0.865556 0.030000 0.113333
0 0.673125 0.864444 0.026250 0.133333
0 0.736250 0.834444 0.027500 0.135556
0 0.786875 0.852222 0.026250 0.108889
0 0.935625 0.703333 0.026250 0.100000
0 0.756875 0.680000 0.026250 0.084444
0 0.814375 0.714444 0.043750 0.095556
0 0.875000 0.660000 0.032500 0.102222
1 0.361875 0.622222 0.051250 0.115556
1 0.580625 0.646667 0.058750 0.106667
1 0.673750 0.660000 0.062500 0.111111
1 0.669375 0.558889 0.053750 0.077778
1 0.243125 0.668889 0.101250 0.160000
1 0.372500 0.502222 0.037500 0.071111
1 0.420625 0.515556 0.051250 0.115556
1 0.866250 0.850000 0.122500 0.171111
