0 0.078125 0.857778 0.041250 0.106667
0 0.160000 0.924444 0.047500 0.124444
0 0.096875 0.777778 0.036250 0.093333
0 0.158750 0.765556 0.040000 0.117778
0 0.196875 0.797778 0.036250 0.111111
0 0.254375 0.808889 0.031250 0.088889
0 0.251875 0.740000 0.031250 0.080000
0 0.284375 0.704444 0.028750 0.102222
0 0.222500 0.670000 0.032500 0.082222
0 0.178125 0.648889 0.031250 0.102222
0 0.595000 0.886667 0.035000 0.133333
0 0.686250 0.921111 0.037500 0.153333
0 0.725000 0.805556 0.035000 0.108889
0 0.641250 0.708889 0.032500 0.111111
0 0.713125 0.658889 0.021250 0.086667
0 0.751250 0.741111 0.032500 0.095556
0 0.843750 0.777778 0.035000 0.106667
0 0.795625 0.722222 0.031250 0.111111
0 0.756875 0.656667 0.021250 0.073333
0 0.917500 0.861111 0.042500 0.117778
1 0.268750 0.588889 0.072500 0.120000
1 0.355000 0.820000 0.092500 0.195556
1 0.609375 0.550000 0.051250 0.126667
1 0.420000 0.536667 0.040000 0.077778
