0 0.871875 0.825556 0.028750 0.100000
0 0.716875 0.810000 0.028750 0.100000
0 0.758125 0.918889 0.028750 0.100000
0 0.778125 0.845556 0.028750 0.100000
0 0.248125 0.698889 0.028750 0.100000
0 0.930625 0.843333 0.028750 0.100000
0 0.841250 0.922222 0.032500 0.102222
0 0.886875 0.738889 0.028750 0.100000
0 0.908125 0.796667 0.028750 0.100000
0 0.933125 0.741111 0.028750 0.100000
0 0.810625 0.776667 0.028750 0.100000
0 0.829375 0.701111 0.028750 0.100000
0 0.744375 0.797778 0.028750 0.111111
0 0.829375 0.832222 0.028750 0.100000
0 0.913750 0.937778 0.032500 0.102222
1 0.619375 0.710000 0.128750 0.380000
