0 0.113125 0.915556 0.036250 0.142222
0 0.061250 0.822222 0.027500 0.151111
0 0.142500 0.771111 0.025000 0.120000
0 0.107500 0.728889 0.027500 0.111111
0 0.065625 0.691111 0.028750 0.106667
0 0.195000 0.728889 0.030000 0.120000
0 0.142500 0.610000 0.022500 0.086667
0 0.163125 0.612222 0.021250 0.091111
0 0.194375 0.611111 0.031250 0.102222
0 0.335625 0.633333 0.018750 0.093333
0 0.235000 0.608889 0.022500 0.088889
0 0.926875 0.647778 0.018750 0.100000
0 0.884375 0.853333 0.036250 0.115556
0 0.786875 0.870000 0.038750 0.122222
0 0.770625 0.770000 0.031250 0.122222
0 0.810625 0.753333 0.031250 0.111111
0 0.828750 0.647778 0.027500 0.091111
0 0.646250 0.677778 0.022500 0.106667
0 0.613125 0.626667 0.021250 0.093333
0 0.735625 0.665556 0.021250 0.095556
0 0.776250 0.631111 0.025000 0.088889
0 0.738125 0.580000 0.016250 0.062222
1 0.573125 0.682222 0.061250 0.102222
1 0.621875 0.921111 0.106250 0.157778
1 0.273750 0.691111 0.097500 0.164444
