0 0.125625 0.841111 0.036250 0.135556
0 0.218750 0.687778 0.027500 0.091111
0 0.261875 0.664444 0.026250 0.088889
0 0.303125 0.704444 0.031250 0.115556
0 0.262500 0.600000 0.025000 0.080000
0 0.601875 0.816667 0.031250 0.126667
0 0.701875 0.840000 0.028750 0.120000
0 0.723750 0.750000 0.037500 0.100000
0 0.680625 0.717778 0.023750 0.106667
0 0.591250 0.620000 0.025000 0.088889
0 0.703125 0.634444 0.018750 0.082222
0 0.745000 0.658889 0.020000 0.095556
0 0.791875 0.681111 0.023750 0.077778
0 0.773125 0.637778 0.018750 0.084444
0 0.856875 0.663333 0.026250 0.086667
0 0.938750 0.720000 0.027500 0.080000
1 0.568125 0.740000 0.071250 0.120000
1 0.643125 0.617778 0.061250 0.106667
