0 0.679375 0.860000 0.026250 0.142222
0 0.768750 0.805556 0.030000 0.095556
0 0.646250 0.914444 0.030000 0.095556
0 0.637500 0.787778 0.027500 0.117778
0 0.561250 0.801111 0.030000 0.095556
0 0.898750 0.794444 0.030000 0.095556
0 0.857500 0.803333 0.030000 0.095556
0 0.801250 0.807778 0.030000 0.095556
0 0.966250 0.823333 0.030000 0.095556
0 0.928750 0.887778 0.030000 0.095556
0 0.870000 0.905556 0.030000 0.095556
0 0.698750 0.730000 0.027500 0.117778
0 0.662500 0.774444 0.027500 0.117778
0 0.631875 0.702222 0.021250 0.075556
0 0.651250 0.681111 0.020000 0.077778
0 0.873750 0.681111 0.030000 0.095556
0 0.838750 0.734444 0.030000 0.095556
0 0.796250 0.696667 0.030000 0.095556
0 0.193750 0.656667 0.030000 0.095556
0 0.178750 0.587778 0.030000 0.095556
0 0.296250 0.594444 0.030000 0.095556
0 0.252500 0.710000 0.030000 0.095556
0 0.331250 0.603333 0.030000 0.095556
0 0.906250 0.722222 0.022500 0.088889
0 0.242500 0.642222 0.030000 0.088889
1 0.591250 0.575556 0.100000 0.244444
