0 0.223125 0.591111 0.026250 0.093333
0 0.185625 0.660000 0.026250 0.093333
0 0.091875 0.657778 0.026250 0.093333
0 0.349375 0.543333 0.028750 0.077778
0 0.064375 0.892222 0.033750 0.131111
0 0.146875 0.720000 0.026250 0.093333
0 0.249375 0.673333 0.026250 0.093333
0 0.190625 0.784444 0.026250 0.093333
0 0.248125 0.595556 0.026250 0.093333
0 0.190000 0.605556 0.022500 0.068889
0 0.150000 0.651111 0.027500 0.066667
0 0.713125 0.927778 0.031250 0.108889
0 0.543750 0.874444 0.030000 0.117778
0 0.561875 0.640000 0.026250 0.093333
0 0.533125 0.673333 0.026250 0.093333
0 0.554375 0.713333 0.026250 0.093333
0 0.904375 0.923333 0.031250 0.108889
0 0.888125 0.792222 0.031250 0.108889
0 0.859375 0.801111 0.031250 0.108889
0 0.821875 0.812222 0.031250 0.108889
0 0.776875 0.792222 0.031250 0.108889
0 0.805000 0.744444 0.025000 0.084444
0 0.916250 0.752222 0.030000 0.117778
0 0.933750 0.865556 0.030000 0.117778
0 0.023125 0.797778 0.026250 0.093333
0 0.066875 0.806667 0.026250 0.093333
2 0.980625 0.697778 0.018750 0.102222
1 0.618125 0.718889 0.083750 0.260000
