0 0.103750 0.821111 0.035000 0.113333
0 0.036250 0.804444 0.035000 0.111111
0 0.191250 0.881111 0.030000 0.144444
0 0.176250 0.733333 0.032500 0.097778
0 0.215000 0.748889 0.027500 0.080000
0 0.296875 0.677778 0.026250 0.106667
0 0.196875 0.615556 0.028750 0.093333
0 0.050625 0.705556 0.038750 0.082222
0 0.271250 0.768889 0.025000 0.075556
0 0.233750 0.645556 0.030000 0.077778
0 0.260000 0.735556 0.037500 0.097778
0 0.595000 0.934444 0.045000 0.117778
0 0.738750 0.864444 0.037500 0.115556
0 0.549375 0.687778 0.021250 0.113333
0 0.578125 0.648889 0.021250 0.093333
0 0.650000 0.728889 0.035000 0.120000
0 0.763750 0.783333 0.037500 0.108889
0 0.808750 0.754444 0.035000 0.104444
0 0.868750 0.815556 0.037500 0.124444
0 0.719375 0.682222 0.018750 0.093333
0 0.642500 0.628889 0.017500 0.084444
0 0.665000 0.611111 0.017500 0.084444
0 0.741875 0.635556 0.021250 0.080000
0 0.781875 0.650000 0.021250 0.082222
0 0.826875 0.647778 0.033750 0.095556
1 0.361250 0.794444 0.080000 0.171111
1 0.422500 0.525556 0.037500 0.068889
1 0.276250 0.574444 0.070000 0.117778
1 0.606875 0.550000 0.056250 0.113333
