0 0.265000 0.588889 0.025000 0.097778
0 0.236250 0.608889 0.020000 0.088889
0 0.292500 0.651111 0.025000 0.097778
0 0.135000 0.653333 0.025000 0.097778
0 0.191250 0.620000 0.025000 0.097778
0 0.246250 0.771111 0.025000 0.097778
0 0.038750 0.731111 0.025000 0.097778
0 0.290625 0.581111 0.026250 0.077778
0 0.636250 0.713333 0.025000 0.097778
0 0.650000 0.788889 0.025000 0.097778
0 0.677500 0.871111 0.025000 0.097778
0 0.613750 0.940000 0.025000 0.097778
0 0.550000 0.942222 0.025000 0.097778
0 0.540000 0.826667 0.025000 0.097778
0 0.791250 0.764444 0.025000 0.097778
0 0.733750 0.757778 0.025000 0.097778
0 0.685000 0.722222 0.025000 0.097778
0 0.947500 0.940000 0.030000 0.106667
0 0.852500 0.891111 0.035000 0.120000
0 0.855000 0.790000 0.027500 0.086667
0 0.977500 0.855556 0.030000 0.106667
0 0.895000 0.720000 0.025000 0.097778
0 0.838750 0.726667 0.025000 0.097778
0 0.711250 0.706667 0.025000 0.097778
0 0.801250 0.668889 0.025000 0.097778
0 0.756250 0.673333 0.025000 0.097778
1 0.585625 0.768889 0.068750 0.133333
1 0.345625 0.710000 0.081250 0.171111
1 0.182500 0.733333 0.090000 0.128889
1 0.650000 0.623333 0.077500 0.086667
2 0.851250 0.648889 0.017500 0.088889
2 0.836875 0.628889 0.013750 0.071111
