0 0.157500 0.625556 0.030000 0.100000
0 0.641250 0.706667 0.030000 0.097778
0 0.713125 0.743333 0.021250 0.113333
0 0.772500 0.735556 0.025000 0.120000
0 0.805625 0.876667 0.028750 0.131111
0 0.913125 0.840000 0.041250 0.106667
0 0.883750 0.928889 0.047500 0.115556
0 0.852500 0.754444 0.030000 0.108889
0 0.801250 0.720000 0.022500 0.106667
0 0.888125 0.623333 0.031250 0.091111
0 0.925625 0.708889 0.026250 0.080000
0 0.867500 0.673333 0.025000 0.080000
0 0.767500 0.651111 0.017500 0.062222
0 0.695000 0.670000 0.030000 0.077778
