0 0.918750 0.777778 0.035000 0.093333
0 0.906250 0.691111 0.022500 0.093333
0 0.837500 0.734444 0.025000 0.095556
0 0.773125 0.700000 0.028750 0.093333
0 0.670625 0.740000 0.028750 0.093333
0 0.856875 0.940000 0.028750 0.093333
0 0.825000 0.805556 0.022500 0.086667
0 0.671875 0.953333 0.028750 0.093333
0 0.906875 0.942222 0.028750 0.093333
0 0.754375 0.637778 0.028750 0.093333
0 0.721875 0.648889 0.028750 0.093333
0 0.639375 0.664444 0.028750 0.093333
0 0.844375 0.655556 0.018750 0.097778
0 0.790625 0.651111 0.028750 0.093333
0 0.601875 0.651111 0.028750 0.093333
0 0.090625 0.926667 0.028750 0.093333
0 0.159375 0.702222 0.028750 0.093333
0 0.901875 0.851111 0.028750 0.093333
0 0.539375 0.604444 0.028750 0.093333
1 0.377500 0.638889 0.090000 0.246667
1 0.758750 0.831111 0.112500 0.168889
