0 0.331875 0.645556 0.021250 0.095556
0 0.160625 0.621111 0.021250 0.095556
0 0.075625 0.876667 0.026250 0.131111
0 0.133750 0.841111 0.032500 0.108889
0 0.286875 0.676667 0.021250 0.095556
0 0.299375 0.754444 0.021250 0.095556
0 0.281875 0.885556 0.021250 0.095556
0 0.365625 0.761111 0.021250 0.095556
0 0.308125 0.590000 0.021250 0.095556
0 0.096875 0.667778 0.021250 0.095556
0 0.128125 0.607778 0.021250 0.095556
0 0.535000 0.712222 0.032500 0.108889
0 0.914375 0.705556 0.031250 0.082222
0 0.767500 0.676667 0.032500 0.108889
0 0.716250 0.896667 0.032500 0.108889
0 0.746250 0.633333 0.025000 0.088889
0 0.793750 0.630000 0.025000 0.091111
0 0.675625 0.670000 0.026250 0.100000
0 0.651875 0.736667 0.023750 0.095556
0 0.682500 0.807778 0.032500 0.108889
0 0.546250 0.626667 0.025000 0.088889
0 0.775000 0.583333 0.020000 0.064444
0 0.806875 0.571111 0.023750 0.071111
0 0.577500 0.614444 0.025000 0.091111
1 0.896250 0.857778 0.172500 0.253333
1 0.603125 0.783333 0.076250 0.180000
1 0.750000 0.802222 0.097500 0.115556
1 0.215000 0.637778 0.092500 0.146667
