0 0.365000 0.645556 0.020000 0.077778
0 0.093125 0.722222 0.018750 0.088889
0 0.219375 0.707778 0.021250 0.108889
0 0.171250 0.663333 0.020000 0.077778
0 0.208750 0.625556 0.022500 0.086667
0 0.247500 0.651111 0.022500 0.088889
0 0.123750 0.656667 0.020000 0.077778
0 0.317500 0.612222 0.020000 0.077778
0 0.785000 0.683333 0.020000 0.077778
0 0.696250 0.585556 0.020000 0.077778
0 0.726250 0.612222 0.020000 0.077778
0 0.532500 0.646667 0.027500 0.093333
0 0.542500 0.790000 0.020000 0.077778
0 0.243750 0.585556 0.020000 0.077778
0 0.276250 0.690000 0.020000 0.077778
0 0.699375 0.850000 0.023750 0.108889
0 0.760000 0.616667 0.020000 0.077778
0 0.838750 0.774444 0.027500 0.095556
0 0.823750 0.687778 0.020000 0.077778
0 0.882500 0.652222 0.020000 0.077778
0 0.840000 0.607778 0.020000 0.077778
0 0.665625 0.896667 0.023750 0.108889
0 0.534375 0.905556 0.023750 0.108889
0 0.119375 0.827778 0.023750 0.104444
0 0.184375 0.783333 0.023750 0.104444
0 0.096875 0.783333 0.023750 0.104444
1 0.601875 0.797778 0.081250 0.168889
1 0.671875 0.677778 0.076250 0.115556
