0 0.040625 0.812222 0.033750 0.117778
0 0.073750 0.708889 0.025000 0.111111
0 0.151875 0.677778 0.018750 0.097778
0 0.658750 0.732222 0.027500 0.108889
0 0.733125 0.764444 0.018750 0.120000
0 0.866875 0.738889 0.028750 0.108889
0 0.734375 0.925556 0.026250 0.140000
0 0.913750 0.888889 0.032500 0.120000
0 0.963125 0.922222 0.033750 0.137778
0 0.733750 0.672222 0.020000 0.095556
0 0.794375 0.655556 0.028750 0.097778
0 0.682500 0.671111 0.020000 0.080000
0 0.664375 0.633333 0.018750 0.080000
0 0.731875 0.617778 0.021250 0.066667
1 0.818750 0.815556 0.110000 0.160000
