0 0.583125 0.661111 0.018750 0.091111
0 0.668750 0.744444 0.022500 0.102222
0 0.722500 0.743333 0.027500 0.122222
0 0.786875 0.856667 0.026250 0.126667
0 0.901875 0.843333 0.031250 0.122222
0 0.833125 0.745556 0.023750 0.104444
0 0.766875 0.711111 0.026250 0.084444
0 0.613750 0.641111 0.022500 0.086667
0 0.897500 0.692222 0.022500 0.100000
0 0.563750 0.586667 0.020000 0.075556
0 0.589375 0.584444 0.011250 0.071111
0 0.638125 0.591111 0.021250 0.075556
0 0.819375 0.675556 0.023750 0.102222
0 0.760000 0.632222 0.022500 0.068889
0 0.700625 0.624444 0.021250 0.066667
