0 0.196875 0.716667 0.033750 0.095556
0 0.252500 0.688889 0.035000 0.106667
0 0.289375 0.554444 0.023750 0.077778
0 0.343750 0.563333 0.020000 0.082222
0 0.649375 0.851111 0.041250 0.133333
0 0.726875 0.832222 0.043750 0.126667
0 0.850000 0.722222 0.027500 0.106667
0 0.712500 0.712222 0.025000 0.100000
0 0.751250 0.695556 0.030000 0.097778
0 0.613750 0.657778 0.032500 0.084444
0 0.778750 0.653333 0.027500 0.088889
0 0.669375 0.617778 0.026250 0.084444
0 0.699375 0.616667 0.026250 0.086667
0 0.802500 0.584444 0.020000 0.071111
1 0.398125 0.606667 0.066250 0.128889
1 0.564375 0.703333 0.068750 0.122222
