0 0.580625 0.723333 0.026250 0.095556
0 0.645000 0.781111 0.030000 0.117778
0 0.698750 0.867778 0.037500 0.140000
0 0.758125 0.847778 0.031250 0.122222
0 0.817500 0.791111 0.030000 0.115556
0 0.863125 0.872222 0.041250 0.126667
0 0.728750 0.742222 0.030000 0.115556
0 0.907500 0.696667 0.027500 0.113333
0 0.838750 0.728889 0.030000 0.093333
0 0.661875 0.663333 0.021250 0.077778
0 0.628125 0.626667 0.021250 0.071111
0 0.709375 0.636667 0.021250 0.077778
0 0.743125 0.644444 0.026250 0.075556
1 0.576875 0.588889 0.056250 0.106667
