0 0.863750 0.745556 0.027500 0.113333
0 0.057500 0.805556 0.045000 0.140000
0 0.930000 0.834444 0.027500 0.113333
0 0.953750 0.925556 0.027500 0.113333
0 0.900000 0.716667 0.027500 0.113333
0 0.797500 0.635556 0.027500 0.071111
0 0.766875 0.595556 0.026250 0.071111
0 0.807500 0.684444 0.027500 0.080000
1 0.569375 0.725556 0.073750 0.131111
1 0.855000 0.892222 0.117500 0.166667
1 0.701875 0.710000 0.168750 0.362222
2 0.074375 0.680000 0.021250 0.097778
2 0.900000 0.638889 0.015000 0.068889
2 0.919375 0.637778 0.016250 0.075556
