0 0.221875 0.710000 0.048750 0.113333
0 0.550625 0.851111 0.033750 0.137778
0 0.661875 0.922222 0.033750 0.137778
0 0.973125 0.764444 0.033750 0.137778
0 0.893125 0.877778 0.033750 0.137778
0 0.621875 0.937778 0.033750 0.115556
0 0.621875 0.824444 0.033750 0.115556
0 0.674375 0.822222 0.033750 0.115556
0 0.665000 0.720000 0.030000 0.088889
0 0.882500 0.766667 0.030000 0.088889
0 0.621250 0.751111 0.030000 0.088889
0 0.637500 0.644444 0.030000 0.088889
0 0.690000 0.640000 0.030000 0.088889
0 0.891250 0.626667 0.030000 0.088889
0 0.870000 0.642222 0.030000 0.088889
1 0.585625 0.653333 0.093750 0.168889
1 0.769375 0.814444 0.126250 0.251111
