0 0.721875 0.862222 0.028750 0.124444
0 0.154375 0.742222 0.028750 0.124444
0 0.788125 0.915556 0.028750 0.124444
0 0.683125 0.882222 0.028750 0.124444
0 0.641875 0.803333 0.028750 0.122222
0 0.180000 0.594444 0.027500 0.082222
0 0.814375 0.786667 0.028750 0.124444
0 0.889375 0.826667 0.028750 0.124444
0 0.961875 0.828889 0.028750 0.124444
0 0.609375 0.711111 0.026250 0.097778
0 0.755000 0.781111 0.025000 0.113333
0 0.565625 0.676667 0.026250 0.104444
0 0.836250 0.724444 0.030000 0.102222
0 0.713750 0.715556 0.030000 0.102222
0 0.656875 0.660000 0.026250 0.097778
0 0.888750 0.744444 0.030000 0.102222
0 0.867500 0.668889 0.030000 0.102222
0 0.943750 0.728889 0.030000 0.102222
0 0.770000 0.716667 0.027500 0.086667
0 0.798750 0.720000 0.030000 0.102222
0 0.787500 0.647778 0.027500 0.086667
0 0.741250 0.687778 0.027500 0.086667
0 0.233750 0.587778 0.027500 0.082222
0 0.211250 0.658889 0.027500 0.082222
0 0.266250 0.585556 0.027500 0.082222
1 0.298125 0.634444 0.063750 0.100000
1 0.401875 0.534444 0.051250 0.100000
1 0.301250 0.835556 0.157500 0.328889
