0 0.058125 0.771111 0.031250 0.106667
0 0.094375 0.695556 0.021250 0.115556
0 0.295000 0.603333 0.020000 0.082222
0 0.601875 0.640000 0.023750 0.093333
0 0.645000 0.642222 0.020000 0.080000
0 0.657500 0.730000 0.025000 0.117778
0 0.711250 0.796667 0.030000 0.122222
0 0.670000 0.875556 0.035000 0.137778
0 0.760000 0.907778 0.030000 0.135556
0 0.861875 0.826667 0.028750 0.111111
0 0.826875 0.913333 0.031250 0.124444
0 0.791250 0.808889 0.030000 0.111111
0 0.778125 0.618889 0.021250 0.086667
0 0.885625 0.928889 0.028750 0.128889
0 0.939375 0.727778 0.031250 0.104444
1 0.605000 0.806667 0.082500 0.168889
1 0.708750 0.681111 0.075000 0.117778
