0 0.170625 0.763333 0.028750 0.131111
0 0.031250 0.776667 0.035000 0.122222
0 0.083750 0.680000 0.022500 0.084444
0 0.136250 0.698889 0.037500 0.100000
0 0.192500 0.680000 0.025000 0.102222
0 0.605625 0.665556 0.023750 0.108889
0 0.681250 0.741111 0.027500 0.108889
0 0.776250 0.806667 0.027500 0.111111
0 0.838750 0.914444 0.035000 0.122222
0 0.825000 0.771111 0.025000 0.097778
0 0.755000 0.741111 0.025000 0.100000
0 0.901875 0.838889 0.028750 0.117778
0 0.779375 0.727778 0.023750 0.100000
0 0.774375 0.652222 0.018750 0.068889
0 0.636250 0.635556 0.025000 0.075556
0 0.683125 0.647778 0.018750 0.068889
0 0.743125 0.631111 0.023750 0.066667
0 0.701250 0.602222 0.020000 0.075556
0 0.799375 0.617778 0.021250 0.071111
1 0.377500 0.662222 0.077500 0.151111
1 0.267500 0.797778 0.110000 0.204444
