0 0.190000 0.594444 0.020000 0.073333
0 0.627500 0.652222 0.020000 0.073333
0 0.711250 0.652222 0.020000 0.073333
0 0.371250 0.788889 0.025000 0.102222
0 0.317500 0.804444 0.025000 0.124444
0 0.288750 0.692222 0.020000 0.073333
0 0.223750 0.806667 0.030000 0.128889
0 0.170000 0.693333 0.022500 0.088889
0 0.213750 0.696667 0.020000 0.073333
0 0.328750 0.596667 0.020000 0.073333
0 0.271250 0.625556 0.020000 0.073333
0 0.118750 0.744444 0.022500 0.097778
0 0.130000 0.636667 0.020000 0.073333
0 0.821250 0.755556 0.025000 0.124444
0 0.870000 0.813333 0.025000 0.124444
0 0.783750 0.766667 0.025000 0.124444
0 0.535000 0.833333 0.025000 0.124444
0 0.900000 0.713333 0.025000 0.124444
0 0.577500 0.615556 0.017500 0.080000
0 0.851250 0.717778 0.025000 0.124444
0 0.546875 0.636667 0.028750 0.095556
0 0.777500 0.687778 0.020000 0.073333
0 0.796250 0.623333 0.020000 0.073333
0 0.671250 0.645556 0.020000 0.073333
0 0.833750 0.645556 0.020000 0.073333
0 0.960000 0.875556 0.025000 0.124444
1 0.601875 0.793333 0.088750 0.168889
1 0.726250 0.896667 0.112500 0.175556
