0 0.178125 0.680000 0.031250 0.111111
0 0.708750 0.832222 0.030000 0.131111
0 0.878750 0.903333 0.040000 0.144444
0 0.735000 0.714444 0.030000 0.100000
0 0.814375 0.774444 0.031250 0.113333
0 0.628125 0.595556 0.018750 0.075556
0 0.586250 0.576667 0.015000 0.086667
0 0.725625 0.632222 0.021250 0.068889
0 0.768750 0.650000 0.017500 0.095556
0 0.805000 0.674444 0.025000 0.091111
0 0.931875 0.822222 0.041250 0.137778
0 0.904375 0.711111 0.031250 0.102222
0 0.845625 0.701111 0.026250 0.095556
0 0.793750 0.582222 0.025000 0.080000
1 0.593125 0.718889 0.073750 0.140000
1 0.233750 0.768889 0.110000 0.155556
1 0.070000 0.926667 0.137500 0.146667
2 0.341875 0.603333 0.023750 0.086667
