0 0.144375 0.842222 0.038750 0.097778
0 0.109375 0.664444 0.021250 0.088889
0 0.155000 0.648889 0.025000 0.102222
0 0.168750 0.590000 0.030000 0.104444
0 0.880000 0.872222 0.037500 0.131111
0 0.727500 0.762222 0.027500 0.115556
0 0.763750 0.751111 0.032500 0.115556
0 0.626875 0.612222 0.016250 0.082222
0 0.905625 0.771111 0.026250 0.115556
0 0.823125 0.704444 0.023750 0.097778
0 0.845625 0.664444 0.021250 0.088889
0 0.801875 0.657778 0.018750 0.080000
0 0.560625 0.592222 0.021250 0.077778
1 0.322500 0.807778 0.120000 0.220000
1 0.303750 0.570000 0.072500 0.131111
1 0.567500 0.736667 0.075000 0.131111
1 0.666250 0.711111 0.072500 0.128889
1 0.726875 0.575556 0.111250 0.222222
