0 0.252500 0.592222 0.020000 0.077778
0 0.310000 0.667778 0.020000 0.077778
0 0.301250 0.605556 0.020000 0.077778
0 0.064375 0.730000 0.031250 0.104444
0 0.110000 0.621111 0.020000 0.077778
0 0.137500 0.638889 0.020000 0.077778
0 0.097500 0.902222 0.040000 0.151111
0 0.265000 0.815556 0.032500 0.124444
0 0.342500 0.844444 0.040000 0.151111
0 0.538125 0.692222 0.028750 0.095556
0 0.774375 0.930000 0.031250 0.104444
0 0.706875 0.867778 0.031250 0.104444
0 0.673125 0.796667 0.031250 0.104444
0 0.648125 0.723333 0.028750 0.095556
0 0.568125 0.590000 0.023750 0.100000
0 0.675000 0.636667 0.027500 0.082222
0 0.815000 0.585556 0.027500 0.082222
0 0.785000 0.625556 0.027500 0.082222
0 0.752500 0.663333 0.027500 0.082222
0 0.741250 0.601111 0.027500 0.082222
0 0.546250 0.610000 0.027500 0.082222
0 0.927500 0.714444 0.027500 0.082222
1 0.601250 0.781111 0.075000 0.171111
1 0.742500 0.773333 0.095000 0.088889
1 0.881875 0.828889 0.156250 0.244444
1 0.192500 0.662222 0.097500 0.146667
2 0.885000 0.642222 0.020000 0.088889
