0 0.066875 0.844444 0.038750 0.151111
0 0.604375 0.775556 0.023750 0.111111
0 0.546250 0.696667 0.022500 0.091111
0 0.578750 0.633333 0.020000 0.093333
0 0.690625 0.813333 0.028750 0.124444
0 0.748750 0.876667 0.032500 0.131111
0 0.842500 0.815556 0.025000 0.115556
0 0.877500 0.813333 0.032500 0.124444
0 0.820625 0.711111 0.023750 0.097778
0 0.783750 0.643333 0.025000 0.086667
0 0.641875 0.674444 0.023750 0.082222
0 0.682500 0.640000 0.020000 0.088889
0 0.618750 0.630000 0.015000 0.086667
1 0.755000 0.735556 0.087500 0.128889
