0 0.208750 0.588889 0.020000 0.084444
0 0.651250 0.624444 0.020000 0.084444
0 0.627500 0.624444 0.020000 0.084444
0 0.593750 0.635556 0.020000 0.084444
0 0.079375 0.866667 0.031250 0.137778
0 0.720000 0.715556 0.020000 0.084444
0 0.677500 0.700000 0.020000 0.084444
0 0.830000 0.708889 0.020000 0.084444
0 0.798750 0.715556 0.020000 0.084444
0 0.767500 0.780000 0.020000 0.084444
0 0.918750 0.775556 0.020000 0.084444
0 0.890000 0.797778 0.020000 0.084444
0 0.883750 0.922222 0.032500 0.120000
0 0.863125 0.821111 0.021250 0.100000
0 0.846250 0.657778 0.020000 0.084444
0 0.760000 0.706667 0.020000 0.084444
0 0.891250 0.711111 0.020000 0.084444
0 0.718750 0.624444 0.020000 0.084444
0 0.687500 0.617778 0.020000 0.084444
2 0.039375 0.721111 0.033750 0.108889
2 0.880000 0.656667 0.022500 0.077778
1 0.239375 0.691111 0.078750 0.124444
1 0.375000 0.663333 0.070000 0.117778
1 0.604375 0.925556 0.101250 0.148889
1 0.762500 0.928889 0.145000 0.142222
