0 0.623750 0.920000 0.030000 0.137778
0 0.838750 0.892222 0.027500 0.113333
0 0.733750 0.938889 0.027500 0.113333
0 0.582500 0.770000 0.022500 0.108889
0 0.742500 0.843333 0.027500 0.113333
0 0.610625 0.656667 0.021250 0.086667
0 0.770625 0.784444 0.026250 0.102222
0 0.865000 0.736667 0.030000 0.108889
0 0.025625 0.803333 0.041250 0.122222
0 0.152500 0.638889 0.027500 0.113333
0 0.810625 0.708889 0.023750 0.097778
0 0.825625 0.788889 0.023750 0.097778
0 0.845625 0.632222 0.023750 0.086667
0 0.585000 0.680000 0.025000 0.084444
0 0.654375 0.641111 0.026250 0.086667
1 0.699375 0.736667 0.066250 0.113333
2 0.873125 0.574444 0.016250 0.082222
2 0.886250 0.567778 0.012500 0.077778
