0 0.046875 0.871111 0.038750 0.146667
0 0.078750 0.771111 0.052500 0.106667
0 0.180000 0.738889 0.032500 0.108889
0 0.215625 0.781111 0.028750 0.117778
0 0.259375 0.830000 0.038750 0.126667
0 0.417500 0.575556 0.025000 0.097778
0 0.306875 0.613333 0.021250 0.088889
0 0.707500 0.803333 0.035000 0.126667
0 0.790000 0.930000 0.032500 0.113333
0 0.881250 0.850000 0.037500 0.122222
0 0.807500 0.786667 0.027500 0.106667
0 0.779375 0.824444 0.031250 0.093333
0 0.840000 0.751111 0.037500 0.106667
0 0.762500 0.704444 0.032500 0.093333
0 0.688125 0.694444 0.028750 0.091111
0 0.631875 0.656667 0.018750 0.086667
0 0.835625 0.644444 0.026250 0.084444
0 0.890625 0.714444 0.031250 0.095556
0 0.790000 0.640000 0.025000 0.084444
0 0.746250 0.612222 0.017500 0.086667
0 0.716250 0.670000 0.020000 0.086667
1 0.566875 0.632222 0.058750 0.113333
