0 0.547500 0.721111 0.025000 0.095556
0 0.575000 0.650000 0.025000 0.095556
0 0.883750 0.902222 0.027500 0.124444
0 0.845000 0.754444 0.025000 0.095556
0 0.801250 0.750000 0.025000 0.095556
0 0.107500 0.850000 0.037500 0.131111
0 0.038750 0.840000 0.050000 0.115556
0 0.157500 0.754444 0.032500 0.086667
0 0.646250 0.743333 0.025000 0.095556
0 0.600000 0.738889 0.025000 0.095556
0 0.562500 0.901111 0.022500 0.117778
0 0.660000 0.863333 0.025000 0.095556
0 0.871250 0.818889 0.025000 0.095556
0 0.883750 0.643333 0.025000 0.095556
1 0.805000 0.888889 0.105000 0.173333
1 0.698750 0.720000 0.070000 0.142222
