0 0.530000 0.645556 0.027500 0.113333
0 0.596250 0.667778 0.027500 0.113333
0 0.278750 0.612222 0.027500 0.113333
0 0.083750 0.785556 0.027500 0.113333
0 0.243750 0.745556 0.027500 0.113333
0 0.941250 0.852222 0.027500 0.113333
0 0.888750 0.765556 0.027500 0.113333
0 0.827500 0.692222 0.027500 0.113333
0 0.780000 0.656667 0.027500 0.113333
0 0.707500 0.621111 0.027500 0.113333
0 0.755000 0.620000 0.030000 0.088889
0 0.866250 0.672222 0.027500 0.113333
0 0.858750 0.805556 0.027500 0.113333
2 0.136250 0.640000 0.020000 0.088889
2 0.110000 0.637778 0.025000 0.093333
2 0.951875 0.682222 0.018750 0.093333
