0 0.144375 0.686667 0.021250 0.111111
0 0.110625 0.657778 0.026250 0.097778
0 0.106875 0.773333 0.026250 0.097778
0 0.088125 0.877778 0.026250 0.097778
0 0.029375 0.897778 0.026250 0.097778
0 0.296875 0.587778 0.021250 0.077778
0 0.196875 0.623333 0.021250 0.082222
0 0.234375 0.643333 0.031250 0.086667
0 0.184375 0.695556 0.026250 0.097778
0 0.269375 0.587778 0.021250 0.077778
0 0.848750 0.907778 0.035000 0.122222
0 0.553125 0.822222 0.026250 0.097778
0 0.599375 0.882222 0.026250 0.097778
0 0.535000 0.927778 0.035000 0.122222
0 0.972500 0.898889 0.035000 0.122222
0 0.936250 0.901111 0.035000 0.122222
0 0.877500 0.812222 0.035000 0.122222
0 0.917500 0.778889 0.035000 0.122222
0 0.966250 0.754444 0.035000 0.122222
0 0.756875 0.758889 0.028750 0.073333
0 0.530625 0.622222 0.026250 0.097778
0 0.568125 0.680000 0.026250 0.097778
1 0.635625 0.747778 0.091250 0.135556
1 0.169375 0.864444 0.148750 0.235556
1 0.381875 0.661111 0.078750 0.153333
1 0.751250 0.887778 0.110000 0.175556
2 0.730625 0.640000 0.016250 0.080000
1 0.802500 0.707778 0.085000 0.104444
1 0.687500 0.653333 0.072500 0.093333
