0 0.135625 0.904444 0.038750 0.155556
0 0.238125 0.806667 0.028750 0.146667
0 0.151875 0.741111 0.033750 0.140000
0 0.321250 0.781111 0.030000 0.122222
0 0.104375 0.685556 0.026250 0.104444
0 0.188750 0.663333 0.025000 0.091111
0 0.141250 0.612222 0.025000 0.086667
0 0.239375 0.638889 0.031250 0.100000
0 0.371875 0.643333 0.036250 0.122222
0 0.223125 0.574444 0.016250 0.077778
0 0.550000 0.727778 0.035000 0.113333
0 0.731875 0.837778 0.033750 0.128889
0 0.820000 0.863333 0.035000 0.135556
0 0.867500 0.855556 0.035000 0.137778
0 0.778125 0.720000 0.021250 0.093333
0 0.743125 0.715556 0.023750 0.084444
0 0.841875 0.745556 0.036250 0.100000
0 0.796250 0.680000 0.030000 0.097778
0 0.681875 0.645556 0.021250 0.095556
0 0.659375 0.630000 0.026250 0.100000
0 0.722500 0.655556 0.022500 0.080000
0 0.815000 0.651111 0.025000 0.071111
1 0.301250 0.652222 0.075000 0.144444
