0 0.902500 0.923333 0.032500 0.117778
0 0.753750 0.941111 0.025000 0.117778
0 0.776875 0.895556 0.023750 0.102222
0 0.846875 0.851111 0.023750 0.102222
0 0.558125 0.666667 0.023750 0.102222
0 0.364375 0.584444 0.023750 0.102222
0 0.951875 0.866667 0.023750 0.102222
0 0.901875 0.831111 0.023750 0.102222
0 0.940625 0.811111 0.023750 0.102222
0 0.870625 0.768889 0.023750 0.102222
0 0.910625 0.684444 0.023750 0.102222
0 0.524375 0.640000 0.023750 0.102222
0 0.821250 0.728889 0.025000 0.071111
0 0.804375 0.817778 0.023750 0.102222
1 0.646250 0.792222 0.162500 0.415556
