0 0.798750 0.638889 0.032500 0.108889
0 0.783750 0.910000 0.032500 0.108889
0 0.792500 0.756667 0.032500 0.108889
0 0.750000 0.723333 0.032500 0.108889
0 0.693750 0.736667 0.032500 0.108889
0 0.667500 0.774444 0.032500 0.108889
0 0.606250 0.807778 0.032500 0.108889
0 0.742500 0.796667 0.032500 0.108889
0 0.687500 0.854444 0.032500 0.108889
0 0.640000 0.883333 0.032500 0.108889
0 0.320625 0.636667 0.026250 0.091111
0 0.635000 0.736667 0.032500 0.108889
0 0.825000 0.690000 0.032500 0.108889
0 0.855000 0.776667 0.032500 0.108889
0 0.880000 0.743333 0.032500 0.108889
0 0.901250 0.698889 0.032500 0.108889
0 0.835000 0.830000 0.032500 0.108889
0 0.842500 0.932222 0.032500 0.108889
0 0.715000 0.678889 0.032500 0.108889
0 0.662500 0.676667 0.032500 0.108889
0 0.029375 0.784444 0.033750 0.111111
0 0.115625 0.696667 0.026250 0.091111
0 0.326250 0.571111 0.030000 0.097778
0 0.293125 0.617778 0.016250 0.080000
0 0.360625 0.611111 0.026250 0.084444
0 0.606250 0.703333 0.032500 0.108889
1 0.328750 0.811111 0.095000 0.173333
1 0.236875 0.725556 0.101250 0.184444
