0 0.218125 0.667778 0.028750 0.095556
0 0.038125 0.712222 0.028750 0.095556
0 0.096875 0.716667 0.028750 0.095556
0 0.049375 0.801111 0.028750 0.095556
0 0.170625 0.738889 0.028750 0.095556
0 0.265625 0.665556 0.028750 0.095556
0 0.315625 0.690000 0.028750 0.095556
0 0.351875 0.761111 0.028750 0.095556
0 0.125625 0.658889 0.028750 0.095556
0 0.168125 0.652222 0.028750 0.095556
0 0.155000 0.848889 0.035000 0.137778
0 0.171875 0.581111 0.028750 0.095556
0 0.141875 0.583333 0.028750 0.095556
0 0.365625 0.590000 0.028750 0.095556
0 0.225625 0.603333 0.028750 0.095556
0 0.310625 0.587778 0.023750 0.086667
0 0.338125 0.607778 0.028750 0.095556
0 0.685625 0.641111 0.028750 0.095556
0 0.564375 0.946667 0.031250 0.102222
0 0.629375 0.783333 0.028750 0.095556
0 0.613125 0.835556 0.031250 0.102222
0 0.578125 0.745556 0.028750 0.095556
0 0.941875 0.796667 0.028750 0.095556
0 0.903125 0.812222 0.028750 0.095556
0 0.856875 0.838889 0.028750 0.095556
0 0.801875 0.814444 0.028750 0.095556
0 0.630625 0.696667 0.028750 0.095556
0 0.610625 0.712222 0.028750 0.095556
0 0.798125 0.747778 0.028750 0.095556
0 0.849375 0.758889 0.028750 0.095556
0 0.539375 0.685556 0.028750 0.095556
0 0.971875 0.861111 0.028750 0.095556
0 0.914375 0.723333 0.028750 0.095556
0 0.865625 0.675556 0.031250 0.102222
0 0.930625 0.948889 0.031250 0.102222
2 0.400625 0.832222 0.028750 0.126667
