0 0.829375 0.867778 0.031250 0.113333
0 0.773750 0.736667 0.025000 0.095556
0 0.806250 0.611111 0.025000 0.093333
0 0.796875 0.796667 0.031250 0.113333
0 0.826875 0.765556 0.031250 0.113333
0 0.789375 0.896667 0.031250 0.113333
0 0.550625 0.685556 0.031250 0.113333
0 0.865625 0.847778 0.031250 0.113333
0 0.901875 0.927778 0.031250 0.113333
0 0.563125 0.852222 0.031250 0.113333
0 0.701875 0.892222 0.031250 0.113333
0 0.131250 0.640000 0.025000 0.093333
0 0.165000 0.662222 0.025000 0.093333
0 0.207500 0.673333 0.025000 0.093333
0 0.060000 0.773333 0.025000 0.093333
0 0.141250 0.771111 0.025000 0.093333
0 0.224375 0.585556 0.026250 0.082222
0 0.172500 0.595556 0.025000 0.093333
2 0.517500 0.624444 0.027500 0.088889
1 0.613125 0.760000 0.076250 0.128889
1 0.710000 0.721111 0.102500 0.197778
1 0.598125 0.626667 0.051250 0.120000
1 0.380000 0.650000 0.062500 0.148889
1 0.286875 0.670000 0.083750 0.126667
1 0.186875 0.935556 0.133750 0.128889
