0 0.026875 0.758889 0.041250 0.140000
0 0.226250 0.672222 0.030000 0.073333
0 0.273125 0.647778 0.028750 0.100000
0 0.297500 0.541111 0.022500 0.082222
0 0.656875 0.914444 0.041250 0.144444
0 0.736250 0.892222 0.037500 0.144444
0 0.720000 0.738889 0.030000 0.117778
0 0.758125 0.724444 0.033750 0.106667
0 0.868125 0.753333 0.033750 0.111111
0 0.622500 0.683333 0.032500 0.113333
0 0.791250 0.675556 0.030000 0.102222
0 0.675625 0.638889 0.026250 0.113333
0 0.708125 0.625556 0.031250 0.086667
0 0.811250 0.610000 0.025000 0.086667
1 0.568125 0.712222 0.068750 0.131111
1 0.410625 0.592222 0.056250 0.122222
1 0.163125 0.824444 0.158750 0.257778
