0 0.616250 0.764444 0.035000 0.111111
0 0.545000 0.650000 0.025000 0.095556
0 0.250000 0.671111 0.035000 0.111111
0 0.193750 0.746667 0.035000 0.111111
0 0.145000 0.746667 0.035000 0.111111
0 0.662500 0.804444 0.022500 0.088889
0 0.580000 0.698889 0.025000 0.095556
0 0.548750 0.774444 0.025000 0.095556
0 0.837500 0.798889 0.025000 0.095556
0 0.797500 0.747778 0.025000 0.095556
0 0.801250 0.630000 0.022500 0.086667
0 0.840000 0.606667 0.025000 0.084444
0 0.881875 0.820000 0.031250 0.102222
0 0.617500 0.674444 0.025000 0.095556
0 0.928125 0.902222 0.041250 0.111111
1 0.816875 0.923333 0.113750 0.153333
1 0.706250 0.740000 0.090000 0.137778
