0 0.055625 0.797778 0.031250 0.133333
0 0.568125 0.707778 0.023750 0.095556
0 0.654375 0.796667 0.026250 0.117778
0 0.730625 0.730000 0.026250 0.091111
0 0.766250 0.800000 0.032500 0.115556
0 0.868125 0.798889 0.041250 0.100000
0 0.935000 0.875556 0.035000 0.115556
0 0.790000 0.697778 0.030000 0.093333
0 0.669375 0.625556 0.021250 0.082222
0 0.705625 0.635556 0.026250 0.084444
0 0.846875 0.672222 0.031250 0.091111
0 0.928750 0.726667 0.047500 0.106667
0 0.736250 0.624444 0.020000 0.080000
2 0.511875 0.594444 0.016250 0.073333
1 0.580625 0.560000 0.063750 0.146667
1 0.773125 0.957778 0.128750 0.084444
1 0.189375 0.557778 0.083750 0.097778
