0 0.763750 0.903333 0.030000 0.131111
0 0.706875 0.861111 0.026250 0.091111
0 0.733125 0.787778 0.026250 0.091111
0 0.672500 0.654444 0.025000 0.077778
0 0.621875 0.612222 0.026250 0.091111
0 0.340625 0.536667 0.026250 0.091111
0 0.301875 0.543333 0.026250 0.091111
0 0.255625 0.561111 0.026250 0.091111
0 0.210625 0.618889 0.026250 0.091111
0 0.714375 0.638889 0.026250 0.091111
0 0.803750 0.880000 0.022500 0.124444
0 0.734375 0.696667 0.026250 0.091111
0 0.973125 0.781111 0.031250 0.100000
0 0.903125 0.627778 0.026250 0.091111
0 0.691875 0.605556 0.026250 0.091111
0 0.644375 0.603333 0.026250 0.091111
2 0.400000 0.615556 0.015000 0.097778
1 0.631250 0.733333 0.067500 0.102222
1 0.303750 0.807778 0.095000 0.171111
