0 0.125000 0.780000 0.030000 0.120000
0 0.543125 0.722222 0.026250 0.093333
0 0.605625 0.832222 0.031250 0.135556
0 0.709375 0.874444 0.031250 0.135556
0 0.863750 0.874444 0.035000 0.122222
0 0.908125 0.864444 0.031250 0.120000
0 0.839375 0.753333 0.031250 0.097778
0 0.648750 0.707778 0.025000 0.091111
0 0.588750 0.655556 0.020000 0.071111
0 0.626875 0.650000 0.018750 0.082222
0 0.686875 0.647778 0.018750 0.077778
0 0.799375 0.668889 0.026250 0.097778
0 0.761250 0.613333 0.017500 0.075556
1 0.765000 0.770000 0.095000 0.131111
