0 0.160000 0.674444 0.022500 0.077778
0 0.123750 0.778889 0.027500 0.104444
0 0.178750 0.701111 0.027500 0.104444
0 0.243750 0.627778 0.027500 0.104444
0 0.303750 0.716667 0.027500 0.104444
0 0.637500 0.932222 0.027500 0.104444
0 0.638750 0.643333 0.027500 0.104444
0 0.607500 0.641111 0.027500 0.104444
0 0.832500 0.721111 0.027500 0.104444
0 0.781250 0.718889 0.027500 0.104444
0 0.723750 0.663333 0.027500 0.086667
0 0.972500 0.750000 0.027500 0.104444
0 0.943750 0.765556 0.027500 0.104444
0 0.901250 0.794444 0.027500 0.104444
0 0.883750 0.712222 0.027500 0.104444
0 0.917500 0.701111 0.027500 0.104444
2 0.320625 0.611111 0.016250 0.084444
2 0.303750 0.592222 0.015000 0.082222
1 0.699375 0.786667 0.078750 0.133333
1 0.219375 0.906667 0.143750 0.177778
1 0.933125 0.933333 0.133750 0.133333
1 0.754375 0.560000 0.108750 0.151111
