0 0.072500 0.788889 0.027500 0.115556
0 0.125000 0.801111 0.040000 0.135556
0 0.120625 0.696667 0.031250 0.108889
0 0.199375 0.711111 0.026250 0.106667
0 0.248125 0.686667 0.028750 0.106667
0 0.300000 0.680000 0.035000 0.106667
0 0.189375 0.623333 0.018750 0.100000
0 0.282500 0.842222 0.042500 0.155556
0 0.347500 0.618889 0.020000 0.091111
0 0.270000 0.631111 0.022500 0.093333
0 0.594375 0.736667 0.026250 0.100000
0 0.660000 0.756667 0.027500 0.117778
0 0.703750 0.702222 0.020000 0.097778
0 0.675625 0.657778 0.021250 0.097778
0 0.866875 0.802222 0.031250 0.115556
0 0.754375 0.662222 0.026250 0.084444
0 0.750000 0.864444 0.037500 0.133333
0 0.789375 0.803333 0.031250 0.122222
0 0.806875 0.745556 0.028750 0.104444
0 0.824375 0.676667 0.028750 0.091111
0 0.830000 0.598889 0.025000 0.068889
0 0.903125 0.775556 0.036250 0.124444
0 0.874375 0.668889 0.033750 0.093333
0 0.730625 0.636667 0.023750 0.086667
0 0.835625 0.916667 0.046250 0.135556
