0 0.112500 0.714444 0.022500 0.100000
0 0.062500 0.713333 0.032500 0.102222
0 0.210625 0.708889 0.026250 0.111111
0 0.150000 0.740000 0.035000 0.120000
0 0.086875 0.818889 0.033750 0.131111
0 0.395625 0.667778 0.023750 0.095556
0 0.707500 0.860000 0.027500 0.111111
0 0.754375 0.933333 0.026250 0.128889
0 0.793750 0.926667 0.032500 0.142222
0 0.821250 0.885556 0.032500 0.113333
0 0.950000 0.893333 0.027500 0.133333
0 0.932500 0.763333 0.032500 0.113333
0 0.898750 0.780000 0.025000 0.097778
0 0.671250 0.688889 0.020000 0.088889
0 0.702500 0.681111 0.020000 0.086667
0 0.758125 0.686667 0.023750 0.088889
0 0.175625 0.595556 0.023750 0.075556
0 0.225000 0.595556 0.017500 0.071111
0 0.542500 0.628889 0.020000 0.093333
0 0.797500 0.663333 0.027500 0.082222
0 0.822500 0.705556 0.027500 0.095556
0 0.850625 0.748889 0.023750 0.115556
0 0.655000 0.638889 0.025000 0.082222
1 0.776250 0.773333 0.105000 0.088889
1 0.618750 0.760000 0.077500 0.142222
1 0.594375 0.637778 0.053750 0.120000
