0 0.701250 0.673333 0.025000 0.097778
0 0.908750 0.702222 0.025000 0.097778
0 0.870000 0.706667 0.025000 0.097778
0 0.892500 0.915556 0.035000 0.124444
0 0.903750 0.791111 0.025000 0.097778
0 0.790000 0.762222 0.025000 0.097778
0 0.653750 0.891111 0.025000 0.097778
0 0.725000 0.791111 0.025000 0.097778
0 0.658750 0.714444 0.022500 0.086667
0 0.636250 0.766667 0.025000 0.097778
0 0.593750 0.616667 0.027500 0.077778
0 0.961250 0.806667 0.025000 0.097778
0 0.971250 0.920000 0.032500 0.115556
0 0.847500 0.611111 0.025000 0.093333
0 0.801250 0.931111 0.040000 0.128889
1 0.569375 0.730000 0.073750 0.144444
