0 0.873750 0.656667 0.022500 0.091111
0 0.837500 0.723333 0.022500 0.091111
0 0.787500 0.761111 0.022500 0.091111
0 0.563750 0.696667 0.022500 0.091111
0 0.676250 0.727778 0.022500 0.091111
0 0.618750 0.895556 0.027500 0.151111
0 0.837500 0.808889 0.027500 0.102222
0 0.916875 0.913333 0.026250 0.120000
0 0.936250 0.852222 0.022500 0.091111
0 0.910000 0.738889 0.022500 0.091111
0 0.655000 0.676667 0.022500 0.091111
0 0.238750 0.603333 0.022500 0.091111
0 0.280000 0.570000 0.022500 0.091111
0 0.331250 0.701111 0.022500 0.091111
0 0.171250 0.701111 0.022500 0.091111
0 0.208750 0.647778 0.022500 0.091111
0 0.142500 0.607778 0.022500 0.091111
0 0.160000 0.605556 0.022500 0.091111
0 0.197500 0.598889 0.022500 0.091111
0 0.128750 0.752222 0.022500 0.091111
0 0.067500 0.723333 0.022500 0.091111
0 0.262500 0.701111 0.022500 0.091111
0 0.227500 0.810000 0.022500 0.091111
0 0.275000 0.792222 0.022500 0.091111
0 0.293750 0.712222 0.022500 0.091111
0 0.362500 0.786667 0.027500 0.111111
0 0.066875 0.904444 0.028750 0.115556
0 0.092500 0.743333 0.022500 0.091111
0 0.020000 0.743333 0.022500 0.091111
0 0.142500 0.798889 0.022500 0.091111
0 0.538750 0.690000 0.022500 0.091111
