0 0.110625 0.856667 0.036250 0.131111
0 0.177500 0.822222 0.032500 0.137778
0 0.126250 0.727778 0.030000 0.108889
0 0.245625 0.771111 0.031250 0.111111
0 0.186875 0.692222 0.026250 0.100000
0 0.221250 0.721111 0.030000 0.113333
0 0.268125 0.686667 0.026250 0.088889
0 0.305625 0.696667 0.031250 0.108889
0 0.352500 0.678889 0.037500 0.104444
0 0.225625 0.621111 0.028750 0.091111
0 0.389375 0.624444 0.026250 0.093333
0 0.178750 0.607778 0.037500 0.091111
0 0.573750 0.806667 0.035000 0.133333
0 0.652500 0.837778 0.042500 0.120000
0 0.715625 0.742222 0.023750 0.106667
0 0.615625 0.673333 0.031250 0.106667
0 0.569375 0.641111 0.021250 0.091111
0 0.684375 0.655556 0.023750 0.088889
0 0.747500 0.706667 0.025000 0.097778
0 0.785000 0.796667 0.030000 0.131111
0 0.875000 0.867778 0.040000 0.140000
0 0.802500 0.718889 0.030000 0.095556
0 0.825625 0.637778 0.028750 0.080000
0 0.857500 0.635556 0.025000 0.097778
0 0.885000 0.727778 0.035000 0.117778
0 0.758750 0.655556 0.030000 0.093333
