0 0.671250 0.821111 0.030000 0.104444
0 0.888125 0.691111 0.026250 0.088889
0 0.761875 0.737778 0.026250 0.088889
0 0.813125 0.773333 0.026250 0.088889
0 0.629375 0.686667 0.026250 0.088889
0 0.639375 0.746667 0.026250 0.088889
0 0.628125 0.611111 0.026250 0.088889
0 0.530625 0.660000 0.026250 0.088889
0 0.861250 0.947778 0.030000 0.104444
0 0.951250 0.905556 0.030000 0.104444
0 0.923750 0.796667 0.030000 0.104444
0 0.863750 0.790000 0.030000 0.104444
0 0.833750 0.856667 0.030000 0.104444
0 0.598750 0.803333 0.030000 0.104444
0 0.067500 0.667778 0.030000 0.104444
0 0.151250 0.647778 0.030000 0.104444
0 0.173750 0.676667 0.030000 0.104444
0 0.265000 0.660000 0.032500 0.102222
0 0.202500 0.747778 0.030000 0.104444
0 0.746875 0.650000 0.023750 0.082222
0 0.819375 0.712222 0.023750 0.082222
0 0.773125 0.632222 0.023750 0.082222
0 0.698125 0.630000 0.023750 0.082222
0 0.085000 0.921111 0.030000 0.104444
0 0.151250 0.930000 0.030000 0.104444
0 0.155000 0.792222 0.030000 0.104444
0 0.068750 0.832222 0.030000 0.104444
0 0.053750 0.756667 0.030000 0.104444
0 0.207500 0.570000 0.025000 0.086667
0 0.305000 0.596667 0.027500 0.086667
1 0.355000 0.714444 0.110000 0.300000
1 0.719375 0.776667 0.098750 0.135556
2 0.807500 0.644444 0.017500 0.075556
2 0.795625 0.621111 0.011250 0.082222
