0 0.050000 0.761111 0.027500 0.113333
0 0.253125 0.698889 0.023750 0.095556
0 0.283125 0.717778 0.033750 0.106667
0 0.318750 0.598889 0.022500 0.082222
0 0.600625 0.656667 0.021250 0.086667
0 0.620625 0.652222 0.021250 0.108889
0 0.711250 0.804444 0.027500 0.097778
0 0.815000 0.881111 0.032500 0.122222
0 0.846250 0.804444 0.045000 0.124444
0 0.681875 0.678889 0.021250 0.100000
0 0.741875 0.738889 0.023750 0.095556
0 0.738750 0.650000 0.022500 0.068889
0 0.764375 0.598889 0.018750 0.068889
0 0.916250 0.734444 0.040000 0.117778
1 0.366250 0.665556 0.075000 0.131111
