0 0.865625 0.710000 0.021250 0.068889
0 0.912500 0.696667 0.030000 0.104444
0 0.815625 0.653333 0.018750 0.080000
0 0.798125 0.686667 0.023750 0.088889
0 0.626250 0.642222 0.025000 0.111111
0 0.594375 0.695556 0.026250 0.106667
0 0.563125 0.664444 0.026250 0.106667
0 0.564375 0.806667 0.026250 0.106667
0 0.536875 0.711111 0.026250 0.106667
0 0.725625 0.623333 0.021250 0.073333
0 0.695625 0.624444 0.021250 0.080000
0 0.236250 0.610000 0.022500 0.073333
0 0.141875 0.628889 0.026250 0.106667
0 0.215000 0.688889 0.017500 0.097778
0 0.171875 0.682222 0.028750 0.088889
0 0.174375 0.768889 0.026250 0.106667
0 0.115625 0.764444 0.026250 0.106667
0 0.139375 0.875556 0.026250 0.106667
0 0.070625 0.893333 0.026250 0.106667
1 0.344375 0.801111 0.108750 0.228889
1 0.268125 0.694444 0.093750 0.157778
1 0.661875 0.856667 0.106250 0.184444
1 0.712500 0.724444 0.082500 0.124444
2 0.750000 0.643333 0.015000 0.086667
2 0.968125 0.690000 0.018750 0.104444
1 0.837500 0.816667 0.125000 0.148889
