0 0.567500 0.697778 0.025000 0.097778
0 0.840625 0.860000 0.031250 0.120000
0 0.593750 0.668889 0.025000 0.097778
0 0.633750 0.691111 0.025000 0.097778
0 0.571250 0.913333 0.032500 0.142222
0 0.722500 0.804444 0.025000 0.097778
0 0.893750 0.631111 0.025000 0.097778
0 0.921250 0.697778 0.025000 0.097778
0 0.936250 0.788889 0.025000 0.097778
0 0.913750 0.910000 0.032500 0.122222
0 0.776875 0.803333 0.036250 0.108889
0 0.833750 0.746667 0.025000 0.097778
0 0.848750 0.651111 0.025000 0.097778
0 0.616250 0.644444 0.025000 0.097778
1 0.693750 0.690000 0.087500 0.126667
