0 0.069375 0.793333 0.028750 0.137778
0 0.120000 0.791111 0.032500 0.146667
0 0.304375 0.858889 0.046250 0.166667
0 0.368750 0.782222 0.045000 0.137778
0 0.203750 0.688889 0.030000 0.115556
0 0.095000 0.647778 0.020000 0.100000
0 0.112500 0.707778 0.025000 0.108889
0 0.266250 0.670000 0.027500 0.100000
0 0.360625 0.638889 0.021250 0.095556
0 0.325000 0.640000 0.022500 0.088889
0 0.160000 0.638889 0.027500 0.108889
0 0.203750 0.623333 0.022500 0.095556
0 0.258750 0.618889 0.025000 0.091111
0 0.291250 0.617778 0.022500 0.093333
0 0.564375 0.758889 0.033750 0.122222
0 0.823750 0.872222 0.037500 0.140000
0 0.880000 0.855556 0.040000 0.142222
0 0.803125 0.765556 0.028750 0.113333
0 0.845000 0.721111 0.030000 0.113333
0 0.737500 0.685556 0.025000 0.108889
0 0.757500 0.667778 0.022500 0.104444
0 0.799375 0.668889 0.026250 0.097778
0 0.815000 0.638889 0.030000 0.073333
0 0.655625 0.628889 0.021250 0.093333
0 0.693750 0.642222 0.025000 0.111111
1 0.701875 0.802222 0.101250 0.155556
