0 0.026875 0.813333 0.033750 0.120000
0 0.179375 0.742222 0.026250 0.111111
0 0.096250 0.686667 0.037500 0.093333
0 0.188125 0.668889 0.028750 0.093333
0 0.161250 0.617778 0.027500 0.088889
0 0.246875 0.636667 0.023750 0.100000
0 0.230000 0.623333 0.025000 0.082222
0 0.198125 0.571111 0.023750 0.080000
0 0.280625 0.577778 0.018750 0.071111
0 0.228750 0.543333 0.022500 0.068889
0 0.668125 0.936667 0.046250 0.126667
0 0.965000 0.758889 0.057500 0.126667
0 0.838125 0.610000 0.026250 0.095556
0 0.813125 0.616667 0.031250 0.086667
0 0.589375 0.640000 0.018750 0.093333
0 0.553125 0.588889 0.023750 0.088889
0 0.631250 0.620000 0.022500 0.080000
0 0.738750 0.573333 0.017500 0.071111
1 0.703125 0.725556 0.093750 0.135556
1 0.598750 0.841111 0.082500 0.175556
1 0.405000 0.620000 0.060000 0.146667
1 0.313750 0.874444 0.127500 0.242222
1 0.758125 0.905556 0.133750 0.184444
