0 0.797500 0.781111 0.027500 0.104444
0 0.836250 0.763333 0.027500 0.104444
0 0.920000 0.703333 0.027500 0.104444
0 0.887500 0.725556 0.027500 0.104444
0 0.552500 0.734444 0.027500 0.104444
0 0.821250 0.930000 0.027500 0.104444
0 0.872500 0.938889 0.027500 0.104444
0 0.930000 0.865556 0.027500 0.104444
0 0.182500 0.890000 0.027500 0.104444
0 0.118750 0.723333 0.027500 0.104444
0 0.283750 0.707778 0.027500 0.104444
0 0.817500 0.612222 0.027500 0.104444
0 0.765000 0.650000 0.027500 0.104444
0 0.567500 0.587778 0.027500 0.104444
0 0.867500 0.627778 0.027500 0.104444
2 0.596875 0.632222 0.016250 0.091111
2 0.609375 0.611111 0.016250 0.093333
1 0.625000 0.872222 0.110000 0.180000
1 0.720625 0.797778 0.096250 0.128889
1 0.700000 0.654444 0.077500 0.113333
1 0.292500 0.890000 0.132500 0.220000
1 0.090625 0.886667 0.138750 0.208889
1 0.234375 0.648889 0.083750 0.102222
1 0.386875 0.637778 0.071250 0.137778
