0 0.060625 0.760000 0.028750 0.111111
0 0.540625 0.800000 0.028750 0.111111
0 0.200000 0.656667 0.027500 0.100000
0 0.156250 0.607778 0.027500 0.086667
0 0.148750 0.684444 0.025000 0.088889
0 0.250000 0.663333 0.027500 0.108889
0 0.103125 0.753333 0.028750 0.111111
0 0.964375 0.897778 0.028750 0.111111
0 0.911875 0.860000 0.028750 0.111111
0 0.714375 0.924444 0.028750 0.111111
0 0.795625 0.773333 0.028750 0.111111
0 0.755625 0.773333 0.028750 0.111111
0 0.678125 0.733333 0.028750 0.111111
0 0.852500 0.788889 0.017500 0.084444
0 0.830000 0.738889 0.025000 0.100000
0 0.872500 0.740000 0.025000 0.093333
0 0.898750 0.723333 0.025000 0.095556
0 0.875000 0.635556 0.017500 0.084444
0 0.648750 0.648889 0.017500 0.084444
0 0.796250 0.684444 0.017500 0.084444
0 0.835000 0.646667 0.017500 0.084444
1 0.636875 0.918889 0.106250 0.162222
1 0.348125 0.778889 0.091250 0.215556
1 0.168750 0.828889 0.097500 0.231111
1 0.401250 0.582222 0.047500 0.111111
1 0.610000 0.696667 0.062500 0.126667
2 0.763750 0.636667 0.015000 0.082222
