0 0.085000 0.815556 0.027500 0.146667
0 0.216875 0.625556 0.031250 0.073333
0 0.126250 0.683333 0.032500 0.095556
0 0.686250 0.750000 0.025000 0.131111
0 0.706875 0.870000 0.033750 0.122222
0 0.893125 0.912222 0.033750 0.135556
0 0.781250 0.920000 0.037500 0.137778
0 0.851250 0.763333 0.025000 0.091111
0 0.935000 0.776667 0.027500 0.108889
0 0.698750 0.668889 0.025000 0.080000
0 0.630000 0.633333 0.017500 0.080000
0 0.807500 0.657778 0.020000 0.084444
0 0.758125 0.594444 0.018750 0.073333
1 0.771250 0.726667 0.090000 0.106667
