0 0.158750 0.725556 0.027500 0.131111
0 0.101250 0.730000 0.032500 0.131111
0 0.046250 0.730000 0.037500 0.126667
0 0.215625 0.702222 0.043750 0.120000
0 0.276250 0.625556 0.035000 0.104444
0 0.192500 0.656667 0.032500 0.104444
0 0.250625 0.628889 0.026250 0.106667
0 0.208750 0.565556 0.030000 0.073333
0 0.295625 0.544444 0.018750 0.084444
0 0.589375 0.694444 0.026250 0.108889
0 0.628750 0.818889 0.030000 0.126667
0 0.864375 0.876667 0.038750 0.122222
0 0.914375 0.814444 0.046250 0.131111
0 0.820000 0.763333 0.032500 0.126667
0 0.860000 0.760000 0.030000 0.120000
0 0.928750 0.706667 0.037500 0.093333
0 0.848125 0.653333 0.036250 0.080000
0 0.765000 0.690000 0.040000 0.100000
0 0.701250 0.602222 0.020000 0.080000
0 0.693750 0.556667 0.025000 0.068889
0 0.797500 0.592222 0.022500 0.091111
1 0.406875 0.568889 0.046250 0.111111
1 0.643750 0.643333 0.070000 0.082222
1 0.275000 0.777778 0.090000 0.160000
1 0.343750 0.558889 0.050000 0.091111
2 0.882500 0.604444 0.015000 0.084444
