0 0.083125 0.927778 0.036250 0.122222
0 0.267500 0.641111 0.025000 0.091111
0 0.200000 0.838889 0.025000 0.091111
0 0.257500 0.736667 0.025000 0.091111
0 0.226250 0.641111 0.025000 0.091111
0 0.186250 0.638889 0.025000 0.091111
0 0.153750 0.638889 0.025000 0.091111
0 0.707500 0.756667 0.025000 0.091111
0 0.677500 0.727778 0.025000 0.091111
0 0.612500 0.723333 0.025000 0.091111
0 0.586250 0.747778 0.025000 0.091111
0 0.583750 0.667778 0.025000 0.091111
0 0.652500 0.667778 0.025000 0.091111
0 0.788750 0.761111 0.025000 0.091111
0 0.747500 0.727778 0.025000 0.091111
0 0.918750 0.698889 0.025000 0.091111
0 0.833750 0.634444 0.025000 0.091111
0 0.612500 0.904444 0.027500 0.124444
0 0.627500 0.672222 0.025000 0.091111
0 0.720000 0.654444 0.025000 0.091111
0 0.700000 0.664444 0.022500 0.084444
0 0.752500 0.665556 0.025000 0.091111
0 0.967500 0.883333 0.025000 0.091111
0 0.215000 0.578889 0.025000 0.091111
0 0.303750 0.578889 0.025000 0.091111
1 0.348125 0.675556 0.076250 0.160000
1 0.847500 0.763333 0.087500 0.140000
