0 0.166875 0.902222 0.031250 0.128889
0 0.138750 0.732222 0.022500 0.082222
0 0.118750 0.636667 0.022500 0.082222
0 0.163750 0.634444 0.022500 0.082222
0 0.196250 0.665556 0.022500 0.082222
0 0.235625 0.647778 0.023750 0.091111
0 0.681250 0.725556 0.022500 0.082222
0 0.715000 0.710000 0.022500 0.082222
0 0.663750 0.650000 0.022500 0.082222
0 0.638750 0.618889 0.022500 0.082222
0 0.541250 0.656667 0.022500 0.082222
0 0.955625 0.811111 0.026250 0.097778
0 0.847500 0.936667 0.025000 0.100000
0 0.811250 0.683333 0.022500 0.082222
0 0.832500 0.623333 0.022500 0.082222
0 0.772500 0.698889 0.022500 0.082222
0 0.415000 0.632222 0.022500 0.082222
0 0.714375 0.813333 0.026250 0.097778
0 0.718125 0.926667 0.026250 0.097778
0 0.910625 0.804444 0.026250 0.097778
0 0.939375 0.751111 0.026250 0.097778
0 0.850625 0.777778 0.026250 0.097778
1 0.792500 0.823333 0.107500 0.126667
1 0.621875 0.780000 0.076250 0.128889
1 0.594375 0.647778 0.053750 0.122222
1 0.318750 0.761111 0.095000 0.197778
