0 0.785625 0.687778 0.028750 0.068889
0 0.844375 0.632222 0.028750 0.068889
0 0.648125 0.692222 0.026250 0.091111
0 0.749375 0.643333 0.028750 0.068889
0 0.600000 0.631111 0.020000 0.075556
0 0.818125 0.572222 0.028750 0.068889
0 0.925000 0.831111 0.032500 0.115556
0 0.799375 0.636667 0.028750 0.068889
0 0.823125 0.712222 0.028750 0.068889
0 0.686875 0.714444 0.028750 0.068889
0 0.620000 0.714444 0.022500 0.100000
0 0.664375 0.907778 0.026250 0.091111
0 0.561875 0.696667 0.026250 0.091111
0 0.580625 0.745556 0.026250 0.091111
0 0.204375 0.898889 0.038750 0.140000
0 0.103125 0.794444 0.021250 0.122222
0 0.150625 0.698889 0.026250 0.091111
0 0.253125 0.763333 0.026250 0.091111
0 0.301875 0.645556 0.026250 0.091111
0 0.030625 0.738889 0.026250 0.091111
0 0.032500 0.830000 0.035000 0.117778
0 0.839375 0.791111 0.031250 0.106667
1 0.303750 0.853333 0.122500 0.293333
1 0.158125 0.832222 0.108750 0.180000
1 0.806250 0.903333 0.135000 0.162222
