0 0.612500 0.825556 0.027500 0.113333
0 0.808750 0.914444 0.027500 0.113333
0 0.910000 0.803333 0.027500 0.113333
0 0.856250 0.792222 0.027500 0.113333
0 0.811250 0.785556 0.027500 0.113333
0 0.780000 0.785556 0.027500 0.113333
0 0.657500 0.723333 0.027500 0.113333
0 0.819375 0.605556 0.021250 0.082222
0 0.685000 0.672222 0.027500 0.113333
0 0.888750 0.692222 0.027500 0.113333
0 0.892500 0.932222 0.027500 0.113333
0 0.842500 0.874444 0.027500 0.113333
0 0.843125 0.721111 0.021250 0.082222
0 0.919375 0.736667 0.021250 0.082222
2 0.879375 0.574444 0.016250 0.086667
1 0.610625 0.592222 0.056250 0.117778
