0 0.346250 0.732222 0.022500 0.108889
0 0.151250 0.854444 0.022500 0.108889
0 0.330000 0.850000 0.022500 0.108889
0 0.222500 0.802222 0.030000 0.128889
0 0.198750 0.743333 0.022500 0.108889
0 0.316250 0.636667 0.022500 0.108889
0 0.365000 0.581111 0.022500 0.108889
0 0.401250 0.643333 0.022500 0.108889
0 0.066250 0.676667 0.022500 0.108889
0 0.151250 0.625556 0.022500 0.108889
0 0.090000 0.716667 0.022500 0.108889
0 0.067500 0.807778 0.022500 0.108889
0 0.151250 0.727778 0.022500 0.108889
0 0.678750 0.865556 0.022500 0.108889
0 0.663750 0.783333 0.022500 0.108889
0 0.533750 0.754444 0.022500 0.108889
0 0.603750 0.655556 0.030000 0.084444
0 0.198750 0.583333 0.022500 0.108889
0 0.539375 0.664444 0.018750 0.093333
0 0.759375 0.651111 0.023750 0.080000
0 0.813750 0.645556 0.022500 0.086667
0 0.885000 0.667778 0.022500 0.108889
0 0.782500 0.712222 0.027500 0.113333
0 0.686250 0.732222 0.022500 0.108889
0 0.789375 0.624444 0.018750 0.093333
1 0.605000 0.788889 0.070000 0.164444
1 0.766250 0.862222 0.105000 0.137778
1 0.921250 0.895556 0.157500 0.208889
2 0.901875 0.637778 0.018750 0.080000
