0 0.630000 0.742222 0.027500 0.084444
0 0.855000 0.753333 0.027500 0.084444
0 0.550625 0.596667 0.023750 0.086667
0 0.711250 0.655556 0.027500 0.084444
0 0.756250 0.722222 0.027500 0.084444
0 0.563750 0.677778 0.027500 0.084444
0 0.791250 0.691111 0.027500 0.084444
0 0.945000 0.935556 0.027500 0.084444
0 0.941250 0.833333 0.027500 0.084444
0 0.918750 0.724444 0.027500 0.084444
0 0.833750 0.631111 0.027500 0.084444
0 0.260625 0.794444 0.028750 0.126667
0 0.196875 0.671111 0.023750 0.102222
0 0.332500 0.653333 0.027500 0.084444
0 0.088125 0.750000 0.028750 0.126667
0 0.146875 0.827778 0.028750 0.126667
2 0.133125 0.623333 0.021250 0.091111
2 0.164375 0.635556 0.023750 0.084444
1 0.633125 0.595556 0.053750 0.093333
1 0.733125 0.587778 0.071250 0.077778
2 0.976875 0.701111 0.021250 0.095556
