0 0.073125 0.834444 0.048750 0.153333
0 0.147500 0.793333 0.035000 0.128889
0 0.192500 0.772222 0.025000 0.117778
0 0.155625 0.713333 0.031250 0.080000
0 0.212500 0.696667 0.035000 0.100000
0 0.247500 0.692222 0.030000 0.104444
0 0.283125 0.691111 0.041250 0.106667
0 0.338125 0.686667 0.046250 0.111111
0 0.338750 0.602222 0.027500 0.080000
0 0.196250 0.622222 0.020000 0.084444
0 0.236250 0.621111 0.025000 0.086667
0 0.698125 0.803333 0.038750 0.122222
0 0.551875 0.608889 0.026250 0.071111
0 0.750000 0.866667 0.035000 0.120000
0 0.815000 0.802222 0.040000 0.115556
0 0.758750 0.741111 0.032500 0.113333
0 0.731875 0.675556 0.023750 0.102222
0 0.795625 0.692222 0.031250 0.104444
0 0.758125 0.636667 0.023750 0.077778
0 0.855625 0.704444 0.046250 0.120000
1 0.655625 0.654444 0.071250 0.108889
