0 0.327500 0.762222 0.032500 0.128889
0 0.101250 0.737778 0.030000 0.115556
0 0.204375 0.681111 0.028750 0.100000
0 0.268125 0.635556 0.023750 0.084444
0 0.129375 0.662222 0.026250 0.102222
0 0.188750 0.628889 0.022500 0.102222
0 0.089375 0.661111 0.031250 0.095556
0 0.250000 0.571111 0.022500 0.075556
0 0.210000 0.563333 0.020000 0.082222
0 0.571875 0.751111 0.028750 0.106667
0 0.615000 0.827778 0.042500 0.131111
0 0.693750 0.870000 0.032500 0.122222
0 0.641250 0.674444 0.027500 0.113333
0 0.693750 0.721111 0.027500 0.108889
0 0.741250 0.733333 0.030000 0.106667
0 0.721250 0.797778 0.027500 0.120000
0 0.811250 0.802222 0.037500 0.084444
0 0.869375 0.791111 0.031250 0.124444
0 0.939375 0.730000 0.038750 0.108889
0 0.899375 0.692222 0.023750 0.100000
0 0.875000 0.660000 0.030000 0.106667
0 0.834375 0.682222 0.026250 0.088889
0 0.781875 0.675556 0.023750 0.097778
0 0.576250 0.665556 0.030000 0.086667
