0 0.662500 0.655556 0.022500 0.093333
0 0.945000 0.746667 0.022500 0.093333
0 0.831250 0.644444 0.022500 0.093333
0 0.766250 0.688889 0.022500 0.093333
0 0.730000 0.682222 0.022500 0.093333
0 0.670000 0.737778 0.022500 0.093333
0 0.536250 0.633333 0.022500 0.093333
0 0.850000 0.784444 0.022500 0.093333
0 0.930000 0.808889 0.022500 0.093333
0 0.947500 0.913333 0.022500 0.093333
0 0.260000 0.768889 0.022500 0.093333
0 0.818750 0.715556 0.022500 0.093333
0 0.900000 0.744444 0.022500 0.093333
0 0.880000 0.768889 0.022500 0.093333
0 0.208750 0.655556 0.022500 0.093333
0 0.273750 0.653333 0.022500 0.093333
0 0.226250 0.702222 0.022500 0.093333
0 0.111250 0.688889 0.022500 0.093333
0 0.066250 0.715556 0.022500 0.093333
0 0.121250 0.737778 0.022500 0.093333
0 0.160000 0.740000 0.022500 0.093333
0 0.075000 0.812222 0.022500 0.113333
0 0.147500 0.840000 0.022500 0.093333
0 0.096250 0.862222 0.022500 0.093333
0 0.251250 0.628889 0.022500 0.093333
0 0.180000 0.631111 0.022500 0.093333
0 0.150000 0.624444 0.022500 0.093333
1 0.627500 0.864444 0.095000 0.186667
1 0.785000 0.861111 0.155000 0.255556
1 0.604375 0.655556 0.063750 0.088889
1 0.354375 0.765556 0.098750 0.188889
1 0.189375 0.896667 0.121250 0.206667
