0 0.058125 0.834444 0.043750 0.140000
0 0.237500 0.788889 0.037500 0.137778
0 0.129375 0.784444 0.048750 0.124444
0 0.141875 0.700000 0.036250 0.088889
0 0.103750 0.663333 0.030000 0.095556
0 0.158125 0.601111 0.033750 0.091111
0 0.210000 0.671111 0.030000 0.106667
0 0.294375 0.632222 0.023750 0.104444
0 0.360000 0.618889 0.025000 0.091111
0 0.270000 0.606667 0.020000 0.084444
0 0.242500 0.588889 0.025000 0.084444
0 0.560000 0.668889 0.032500 0.120000
0 0.736250 0.721111 0.025000 0.104444
0 0.828750 0.795556 0.040000 0.137778
0 0.873750 0.710000 0.045000 0.104444
0 0.753125 0.657778 0.033750 0.088889
0 0.666875 0.623333 0.021250 0.082222
0 0.643125 0.582222 0.018750 0.075556
0 0.790000 0.635556 0.020000 0.080000
0 0.695000 0.615556 0.020000 0.084444
0 0.725625 0.600000 0.018750 0.080000
0 0.912500 0.886667 0.040000 0.133333
0 0.944375 0.855556 0.046250 0.128889
0 0.873125 0.564444 0.021250 0.088889
