0 0.649375 0.813333 0.033750 0.120000
0 0.561875 0.708889 0.023750 0.102222
0 0.557500 0.612222 0.032500 0.086667
0 0.633125 0.688889 0.031250 0.102222
0 0.682500 0.670000 0.022500 0.086667
0 0.725625 0.707778 0.018750 0.095556
0 0.753125 0.782222 0.026250 0.120000
0 0.807500 0.895556 0.035000 0.133333
0 0.845625 0.765556 0.031250 0.108889
0 0.912500 0.856667 0.035000 0.135556
0 0.786250 0.702222 0.025000 0.097778
1 0.066250 0.792222 0.130000 0.206667
1 0.639375 0.582222 0.053750 0.084444
2 0.607500 0.624444 0.012500 0.084444
