0 0.058750 0.826667 0.027500 0.102222
0 0.126250 0.792222 0.020000 0.126667
0 0.240625 0.836667 0.033750 0.131111
0 0.311250 0.684444 0.025000 0.106667
0 0.221875 0.674444 0.028750 0.100000
0 0.195000 0.627778 0.030000 0.104444
0 0.139375 0.720000 0.031250 0.102222
0 0.086250 0.686667 0.025000 0.084444
0 0.284375 0.666667 0.021250 0.106667
0 0.549375 0.827778 0.033750 0.144444
0 0.620625 0.786667 0.031250 0.142222
0 0.671875 0.863333 0.033750 0.126667
0 0.794375 0.904444 0.038750 0.133333
0 0.757500 0.764444 0.027500 0.111111
0 0.800625 0.750000 0.026250 0.104444
0 0.909375 0.842222 0.038750 0.146667
0 0.856875 0.743333 0.031250 0.091111
0 0.676875 0.661111 0.031250 0.082222
0 0.610625 0.664444 0.023750 0.102222
0 0.731250 0.670000 0.020000 0.117778
0 0.763750 0.666667 0.020000 0.088889
0 0.833125 0.692222 0.018750 0.095556
1 0.546875 0.571111 0.061250 0.071111
1 0.668125 0.595556 0.056250 0.062222
1 0.081875 0.933333 0.138750 0.133333
