0 0.665625 0.790000 0.023750 0.104444
0 0.948750 0.745556 0.025000 0.108889
0 0.766250 0.920000 0.027500 0.128889
0 0.775625 0.808889 0.031250 0.093333
0 0.224375 0.685556 0.028750 0.104444
0 0.111875 0.632222 0.023750 0.091111
0 0.223750 0.593333 0.027500 0.093333
0 0.251875 0.592222 0.028750 0.086667
0 0.294375 0.620000 0.028750 0.124444
0 0.328125 0.581111 0.021250 0.100000
0 0.271875 0.557778 0.018750 0.080000
0 0.371875 0.550000 0.023750 0.077778
0 0.755625 0.736667 0.028750 0.100000
0 0.803750 0.722222 0.025000 0.097778
0 0.843125 0.805556 0.046250 0.095556
0 0.844375 0.898889 0.051250 0.153333
0 0.916875 0.835556 0.033750 0.124444
0 0.767500 0.691111 0.022500 0.097778
0 0.611250 0.661111 0.025000 0.104444
0 0.805625 0.647778 0.026250 0.077778
1 0.676875 0.675556 0.071250 0.102222
1 0.588125 0.836667 0.088750 0.180000
