0 0.063750 0.714444 0.022500 0.095556
0 0.172500 0.718889 0.027500 0.095556
0 0.150000 0.628889 0.025000 0.084444
0 0.232500 0.636667 0.020000 0.077778
0 0.278125 0.624444 0.021250 0.093333
0 0.304375 0.642222 0.023750 0.097778
0 0.201250 0.572222 0.017500 0.064444
0 0.666250 0.716667 0.022500 0.104444
0 0.593750 0.650000 0.025000 0.068889
0 0.900000 0.813333 0.032500 0.115556
0 0.956250 0.851111 0.040000 0.097778
0 0.632500 0.608889 0.017500 0.088889
0 0.925625 0.910000 0.033750 0.122222
1 0.216250 0.834444 0.140000 0.313333
1 0.382500 0.618889 0.070000 0.131111
1 0.706875 0.890000 0.113750 0.202222
1 0.766250 0.655556 0.157500 0.297778
1 0.568125 0.737778 0.066250 0.124444
