0 0.220000 0.868889 0.030000 0.102222
0 0.053750 0.893333 0.035000 0.111111
0 0.137500 0.791111 0.030000 0.102222
0 0.173125 0.834444 0.033750 0.126667
0 0.275625 0.734444 0.031250 0.117778
0 0.205000 0.697778 0.030000 0.080000
0 0.158125 0.664444 0.031250 0.088889
0 0.210625 0.594444 0.026250 0.086667
0 0.230000 0.790000 0.035000 0.077778
0 0.065000 0.797778 0.047500 0.088889
0 0.594375 0.833333 0.036250 0.120000
0 0.673750 0.847778 0.037500 0.122222
0 0.714375 0.767778 0.031250 0.104444
0 0.744375 0.718889 0.028750 0.100000
0 0.629375 0.688889 0.026250 0.111111
0 0.546250 0.646667 0.025000 0.093333
0 0.571250 0.602222 0.025000 0.080000
0 0.643125 0.603333 0.021250 0.082222
0 0.705625 0.643333 0.021250 0.091111
0 0.820000 0.747778 0.032500 0.100000
0 0.887500 0.812222 0.040000 0.104444
0 0.916250 0.746667 0.030000 0.097778
1 0.345625 0.857778 0.103750 0.208889
1 0.261875 0.605556 0.066250 0.131111
1 0.608125 0.543333 0.046250 0.126667
1 0.678125 0.537778 0.053750 0.057778
