0 0.890000 0.815556 0.032500 0.124444
0 0.933125 0.938889 0.031250 0.122222
0 0.806250 0.841111 0.030000 0.095556
0 0.836250 0.776667 0.030000 0.095556
0 0.785000 0.765556 0.030000 0.095556
0 0.695000 0.727778 0.030000 0.095556
0 0.743750 0.798889 0.030000 0.095556
0 0.708750 0.830000 0.030000 0.095556
0 0.675000 0.847778 0.027500 0.104444
0 0.136875 0.853333 0.036250 0.133333
0 0.866250 0.701111 0.030000 0.095556
0 0.901250 0.696667 0.030000 0.095556
0 0.926250 0.745556 0.030000 0.095556
0 0.848125 0.946667 0.038750 0.106667
0 0.865000 0.878889 0.030000 0.095556
1 0.608125 0.642222 0.113750 0.306667
