0 0.762500 0.784444 0.027500 0.115556
0 0.633750 0.917778 0.027500 0.115556
0 0.626250 0.766667 0.027500 0.115556
0 0.105625 0.702222 0.023750 0.075556
0 0.216250 0.624444 0.027500 0.115556
0 0.178750 0.673333 0.027500 0.115556
0 0.066250 0.782222 0.027500 0.115556
0 0.110000 0.784444 0.027500 0.115556
0 0.253750 0.908889 0.027500 0.115556
0 0.313750 0.791111 0.027500 0.115556
0 0.337500 0.655556 0.027500 0.115556
0 0.390000 0.668889 0.027500 0.115556
0 0.872500 0.804444 0.027500 0.115556
0 0.963750 0.748889 0.027500 0.115556
0 0.921250 0.833333 0.027500 0.115556
0 0.871250 0.888889 0.027500 0.115556
0 0.813750 0.800000 0.027500 0.115556
0 0.865625 0.691111 0.026250 0.102222
0 0.796250 0.731111 0.027500 0.111111
0 0.595000 0.628889 0.025000 0.093333
0 0.590000 0.733333 0.027500 0.115556
0 0.551250 0.686667 0.027500 0.115556
0 0.836250 0.738889 0.022500 0.073333
0 0.829375 0.786667 0.026250 0.102222
1 0.685000 0.703333 0.090000 0.197778
1 0.262500 0.698889 0.090000 0.233333
