0 0.860000 0.885556 0.032500 0.108889
0 0.660625 0.715556 0.023750 0.093333
0 0.791250 0.747778 0.027500 0.082222
0 0.746250 0.790000 0.027500 0.082222
0 0.683750 0.801111 0.027500 0.082222
0 0.637500 0.852222 0.027500 0.082222
0 0.602500 0.778889 0.027500 0.082222
0 0.548750 0.774444 0.027500 0.082222
0 0.729375 0.668889 0.026250 0.102222
0 0.682500 0.927778 0.032500 0.108889
0 0.802500 0.883333 0.032500 0.108889
0 0.822500 0.681111 0.025000 0.091111
0 0.883750 0.801111 0.032500 0.108889
0 0.945000 0.858889 0.032500 0.108889
0 0.691875 0.678889 0.023750 0.104444
0 0.858750 0.645556 0.032500 0.108889
0 0.758750 0.671111 0.030000 0.097778
0 0.785625 0.668889 0.033750 0.084444
0 0.722500 0.870000 0.032500 0.108889
0 0.165000 0.630000 0.032500 0.108889
0 0.020000 0.805556 0.032500 0.108889
0 0.093750 0.781111 0.032500 0.108889
0 0.207500 0.674444 0.032500 0.108889
0 0.620000 0.678889 0.032500 0.108889
0 0.197500 0.581111 0.032500 0.108889
0 0.121250 0.714444 0.032500 0.108889
0 0.581250 0.676667 0.032500 0.108889
0 0.843750 0.781111 0.032500 0.108889
1 0.378750 0.665556 0.062500 0.117778
1 0.236250 0.824444 0.132500 0.226667
1 0.295625 0.620000 0.073750 0.124444
