0 0.858750 0.815556 0.032500 0.102222
0 0.766250 0.831111 0.032500 0.102222
0 0.216250 0.746667 0.032500 0.102222
0 0.708750 0.786667 0.032500 0.102222
0 0.830000 0.900000 0.032500 0.102222
0 0.743750 0.882222 0.032500 0.102222
0 0.702500 0.928889 0.032500 0.102222
0 0.958750 0.780000 0.032500 0.102222
0 0.900000 0.935556 0.032500 0.102222
0 0.920000 0.846667 0.032500 0.102222
0 0.811250 0.813333 0.032500 0.102222
0 0.898750 0.655556 0.032500 0.102222
0 0.883750 0.735556 0.032500 0.102222
0 0.922500 0.735556 0.032500 0.102222
0 0.818750 0.681111 0.032500 0.100000
1 0.617500 0.680000 0.120000 0.351111
