0 0.126250 0.685556 0.025000 0.100000
0 0.157500 0.626667 0.017500 0.080000
0 0.138125 0.603333 0.016250 0.073333
0 0.621250 0.675556 0.030000 0.111111
0 0.660000 0.703333 0.030000 0.108889
0 0.687500 0.806667 0.032500 0.115556
0 0.745625 0.888889 0.033750 0.133333
0 0.843125 0.784444 0.028750 0.115556
0 0.820625 0.882222 0.031250 0.120000
0 0.910000 0.918889 0.027500 0.117778
0 0.920000 0.713333 0.022500 0.102222
0 0.584375 0.604444 0.021250 0.084444
0 0.542500 0.601111 0.012500 0.073333
0 0.760000 0.660000 0.022500 0.075556
0 0.795625 0.663333 0.018750 0.086667
1 0.605625 0.832222 0.083750 0.180000
1 0.725625 0.731111 0.093750 0.146667
