0 0.558125 0.753333 0.028750 0.115556
0 0.796875 0.746667 0.028750 0.115556
0 0.575625 0.671111 0.028750 0.115556
0 0.666875 0.720000 0.028750 0.115556
0 0.625625 0.733333 0.028750 0.115556
0 0.640625 0.831111 0.028750 0.115556
0 0.344375 0.602222 0.028750 0.115556
0 0.913750 0.933333 0.040000 0.133333
0 0.884375 0.828889 0.028750 0.115556
0 0.859375 0.708889 0.028750 0.115556
0 0.835625 0.748889 0.028750 0.115556
0 0.380625 0.597778 0.028750 0.115556
0 0.645000 0.675556 0.030000 0.088889
0 0.613750 0.662222 0.025000 0.093333
0 0.921250 0.767778 0.042500 0.100000
1 0.734375 0.858889 0.113750 0.180000
1 0.570625 0.553333 0.058750 0.133333
