0 0.710000 0.894444 0.032500 0.108889
0 0.737500 0.761111 0.032500 0.108889
0 0.662500 0.734444 0.030000 0.104444
0 0.623750 0.756667 0.032500 0.108889
0 0.565000 0.763333 0.032500 0.108889
0 0.318125 0.602222 0.021250 0.080000
0 0.214375 0.751111 0.033750 0.124444
0 0.260000 0.758889 0.032500 0.108889
0 0.292500 0.805556 0.030000 0.131111
0 0.278125 0.663333 0.023750 0.104444
0 0.756250 0.923333 0.032500 0.108889
0 0.847500 0.894444 0.032500 0.108889
0 0.785000 0.838889 0.032500 0.108889
0 0.640000 0.870000 0.032500 0.108889
0 0.850000 0.636667 0.032500 0.108889
0 0.910000 0.707778 0.032500 0.108889
0 0.712500 0.701111 0.032500 0.095556
0 0.776250 0.763333 0.032500 0.108889
0 0.781250 0.683333 0.032500 0.108889
0 0.813750 0.665556 0.032500 0.108889
0 0.290000 0.572222 0.020000 0.073333
0 0.751875 0.716667 0.031250 0.068889
0 0.617500 0.938889 0.032500 0.108889
1 0.920625 0.884444 0.138750 0.173333
1 0.113750 0.690000 0.207500 0.286667
1 0.386875 0.590000 0.066250 0.126667
