0 0.715625 0.758889 0.023750 0.091111
0 0.740000 0.727778 0.025000 0.086667
0 0.709375 0.652222 0.023750 0.091111
0 0.683125 0.638889 0.023750 0.091111
0 0.665625 0.665556 0.023750 0.091111
0 0.055625 0.694444 0.023750 0.091111
0 0.106875 0.723333 0.023750 0.091111
0 0.033125 0.864444 0.031250 0.133333
0 0.168125 0.822222 0.028750 0.120000
0 0.211250 0.815556 0.027500 0.111111
0 0.775625 0.938889 0.028750 0.108889
0 0.785625 0.827778 0.023750 0.091111
0 0.878125 0.605556 0.023750 0.091111
0 0.651875 0.701111 0.023750 0.091111
0 0.733125 0.636667 0.023750 0.091111
1 0.351875 0.672222 0.071250 0.122222
1 0.287500 0.896667 0.125000 0.171111
1 0.646875 0.835556 0.078750 0.164444
2 0.420000 0.620000 0.017500 0.093333
