0 0.161250 0.601111 0.025000 0.091111
0 0.646250 0.727778 0.017500 0.104444
0 0.719375 0.765556 0.028750 0.108889
0 0.787500 0.762222 0.037500 0.115556
0 0.820000 0.742222 0.030000 0.102222
0 0.873750 0.796667 0.037500 0.117778
0 0.670625 0.688889 0.018750 0.093333
0 0.703125 0.684444 0.033750 0.088889
0 0.784375 0.677778 0.023750 0.062222
0 0.821250 0.657778 0.032500 0.075556
0 0.881250 0.697778 0.037500 0.093333
0 0.746250 0.625556 0.022500 0.073333
0 0.618750 0.640000 0.022500 0.088889
0 0.884375 0.608889 0.021250 0.080000
