0 0.278750 0.614444 0.022500 0.077778
0 0.033125 0.751111 0.023750 0.080000
0 0.062500 0.752222 0.022500 0.091111
0 0.086250 0.877778 0.050000 0.146667
0 0.250000 0.916667 0.025000 0.135556
0 0.153125 0.888889 0.031250 0.128889
0 0.249375 0.756667 0.021250 0.077778
0 0.335625 0.733333 0.033750 0.102222
0 0.381875 0.712222 0.021250 0.077778
0 0.302500 0.657778 0.025000 0.080000
0 0.229375 0.661111 0.021250 0.077778
0 0.149375 0.598889 0.021250 0.077778
0 0.191875 0.654444 0.021250 0.077778
0 0.149375 0.696667 0.021250 0.077778
0 0.685625 0.670000 0.023750 0.091111
0 0.545000 0.648889 0.035000 0.093333
0 0.586875 0.628889 0.033750 0.102222
0 0.645625 0.691111 0.033750 0.102222
0 0.843125 0.660000 0.033750 0.102222
0 0.910625 0.726667 0.033750 0.102222
0 0.866875 0.744444 0.033750 0.102222
0 0.835625 0.767778 0.033750 0.100000
0 0.796875 0.791111 0.033750 0.102222
0 0.884375 0.831111 0.033750 0.102222
0 0.535625 0.884444 0.033750 0.102222
0 0.755625 0.630000 0.023750 0.091111
0 0.791875 0.703333 0.023750 0.091111
0 0.716875 0.676667 0.023750 0.091111
1 0.732500 0.917778 0.112500 0.164444
