0 0.051875 0.814444 0.041250 0.140000
0 0.083125 0.708889 0.043750 0.111111
0 0.119375 0.628889 0.033750 0.097778
0 0.147500 0.634444 0.035000 0.100000
0 0.214375 0.791111 0.046250 0.128889
0 0.253750 0.813333 0.040000 0.128889
0 0.161875 0.913333 0.036250 0.124444
0 0.239375 0.600000 0.018750 0.093333
0 0.208125 0.526667 0.021250 0.075556
0 0.299375 0.563333 0.021250 0.086667
0 0.255000 0.516667 0.022500 0.060000
0 0.276875 0.525556 0.018750 0.073333
0 0.751875 0.864444 0.033750 0.124444
0 0.693125 0.930000 0.036250 0.108889
0 0.795625 0.818889 0.038750 0.122222
0 0.882500 0.841111 0.027500 0.131111
0 0.809375 0.691111 0.026250 0.102222
0 0.763750 0.721111 0.030000 0.091111
0 0.869375 0.760000 0.031250 0.102222
0 0.908750 0.738889 0.030000 0.095556
0 0.945625 0.733333 0.031250 0.115556
0 0.898750 0.664444 0.025000 0.093333
0 0.858750 0.627778 0.030000 0.095556
1 0.603750 0.711111 0.062500 0.115556
1 0.698750 0.700000 0.075000 0.115556
