0 0.826250 0.814444 0.027500 0.104444
0 0.767500 0.752222 0.027500 0.104444
0 0.696250 0.703333 0.027500 0.104444
0 0.658750 0.705556 0.027500 0.104444
0 0.222500 0.636667 0.027500 0.104444
0 0.201250 0.743333 0.027500 0.104444
0 0.123750 0.812222 0.027500 0.104444
0 0.126250 0.710000 0.027500 0.104444
0 0.936250 0.758889 0.027500 0.104444
0 0.883750 0.734444 0.027500 0.104444
0 0.907500 0.823333 0.027500 0.104444
0 0.928750 0.656667 0.027500 0.104444
0 0.847500 0.638889 0.017500 0.095556
0 0.676875 0.612222 0.018750 0.082222
0 0.697500 0.577778 0.017500 0.066667
0 0.660000 0.640000 0.022500 0.084444
0 0.980000 0.912222 0.027500 0.104444
1 0.283125 0.768889 0.098750 0.164444
1 0.734375 0.908889 0.108750 0.168889
1 0.611875 0.610000 0.051250 0.086667
1 0.780000 0.604444 0.117500 0.182222
2 0.353750 0.612222 0.015000 0.086667
