0 0.560000 0.675556 0.017500 0.093333
0 0.628125 0.668889 0.021250 0.102222
0 0.641875 0.766667 0.031250 0.106667
0 0.742500 0.743333 0.025000 0.113333
0 0.721250 0.681111 0.017500 0.077778
0 0.676250 0.650000 0.017500 0.095556
0 0.792500 0.836667 0.037500 0.122222
0 0.884375 0.823333 0.041250 0.140000
0 0.774375 0.683333 0.026250 0.108889
0 0.824375 0.642222 0.021250 0.088889
0 0.738125 0.628889 0.023750 0.071111
0 0.851875 0.922222 0.036250 0.124444
0 0.553125 0.585556 0.021250 0.051111
1 0.053125 0.824444 0.103750 0.231111
1 0.633125 0.564444 0.056250 0.084444
