0 0.120000 0.832222 0.037500 0.131111
0 0.940625 0.888889 0.031250 0.115556
0 0.789375 0.784444 0.031250 0.115556
0 0.543125 0.697778 0.031250 0.115556
0 0.574375 0.744444 0.031250 0.115556
0 0.538125 0.806667 0.031250 0.115556
0 0.166250 0.743333 0.030000 0.113333
0 0.043125 0.823333 0.038750 0.126667
0 0.903125 0.786667 0.031250 0.115556
0 0.262500 0.644444 0.027500 0.088889
0 0.221875 0.662222 0.031250 0.097778
0 0.134375 0.706667 0.031250 0.106667
0 0.869375 0.924444 0.031250 0.115556
0 0.189375 0.682222 0.031250 0.115556
0 0.915625 0.697778 0.031250 0.115556
0 0.973125 0.855556 0.031250 0.115556
0 0.845625 0.726667 0.031250 0.115556
0 0.819375 0.753333 0.031250 0.115556
0 0.854375 0.824444 0.031250 0.115556
0 0.326250 0.624444 0.032500 0.102222
1 0.355625 0.750000 0.096250 0.202222
1 0.719375 0.790000 0.096250 0.131111
1 0.616250 0.682222 0.072500 0.120000
1 0.775625 0.661111 0.076250 0.104444
2 0.721250 0.641111 0.015000 0.091111
