0 0.090000 0.886667 0.032500 0.106667
0 0.170000 0.948889 0.050000 0.080000
0 0.215625 0.813333 0.033750 0.128889
0 0.292500 0.758889 0.037500 0.117778
0 0.295000 0.653333 0.030000 0.080000
0 0.249375 0.643333 0.026250 0.091111
0 0.095625 0.713333 0.031250 0.102222
0 0.238750 0.585556 0.027500 0.073333
0 0.296250 0.611111 0.030000 0.062222
0 0.597500 0.795556 0.035000 0.115556
0 0.869375 0.877778 0.033750 0.128889
0 0.905000 0.842222 0.037500 0.111111
0 0.853750 0.772222 0.035000 0.082222
0 0.835000 0.723333 0.032500 0.082222
0 0.902500 0.695556 0.045000 0.106667
0 0.592500 0.668889 0.032500 0.093333
0 0.641250 0.642222 0.030000 0.080000
0 0.679375 0.617778 0.023750 0.075556
0 0.596250 0.593333 0.032500 0.071111
0 0.699375 0.602222 0.021250 0.080000
0 0.277500 0.575556 0.020000 0.080000
1 0.731875 0.792222 0.141250 0.286667
1 0.397500 0.632222 0.052500 0.104444
1 0.167500 0.716667 0.122500 0.180000
