0 0.895000 0.944444 0.035000 0.111111
0 0.922500 0.836667 0.030000 0.095556
0 0.883750 0.850000 0.030000 0.095556
0 0.560625 0.888889 0.033750 0.124444
0 0.826250 0.834444 0.030000 0.095556
0 0.795000 0.843333 0.030000 0.095556
0 0.686250 0.832222 0.030000 0.095556
0 0.648750 0.843333 0.030000 0.095556
0 0.293125 0.663333 0.031250 0.104444
0 0.958750 0.928889 0.035000 0.111111
0 0.808750 0.734444 0.030000 0.095556
0 0.773750 0.781111 0.030000 0.095556
0 0.671250 0.732222 0.030000 0.095556
0 0.643750 0.756667 0.030000 0.095556
0 0.281875 0.593333 0.023750 0.080000
0 0.242500 0.600000 0.027500 0.084444
0 0.893750 0.698889 0.030000 0.095556
0 0.912500 0.747778 0.030000 0.095556
0 0.851250 0.765556 0.030000 0.095556
0 0.690625 0.928889 0.033750 0.128889
0 0.869375 0.645556 0.021250 0.082222
0 0.851875 0.670000 0.021250 0.082222
1 0.593750 0.596667 0.105000 0.246667
