0 0.145625 0.643333 0.028750 0.095556
0 0.064375 0.736667 0.028750 0.095556
0 0.120625 0.730000 0.028750 0.095556
0 0.159375 0.752222 0.028750 0.095556
0 0.234375 0.696667 0.028750 0.095556
0 0.321875 0.612222 0.028750 0.095556
0 0.289375 0.650000 0.028750 0.095556
0 0.321875 0.683333 0.028750 0.095556
0 0.363125 0.638889 0.028750 0.095556
0 0.414375 0.583333 0.028750 0.095556
0 0.206875 0.612222 0.028750 0.095556
0 0.250625 0.590000 0.028750 0.095556
0 0.102500 0.882222 0.035000 0.137778
0 0.120625 0.616667 0.028750 0.095556
0 0.258750 0.811111 0.035000 0.137778
0 0.553125 0.836667 0.028750 0.095556
0 0.885000 0.885556 0.032500 0.117778
0 0.842500 0.895556 0.032500 0.115556
0 0.835625 0.792222 0.028750 0.095556
0 0.781875 0.778889 0.028750 0.095556
0 0.675625 0.625556 0.028750 0.095556
0 0.626875 0.681111 0.028750 0.095556
0 0.576875 0.712222 0.028750 0.095556
0 0.541875 0.658889 0.028750 0.095556
0 0.668125 0.878889 0.028750 0.095556
0 0.600625 0.785556 0.028750 0.095556
0 0.955625 0.745556 0.028750 0.095556
0 0.879375 0.763333 0.028750 0.095556
0 0.936875 0.818889 0.028750 0.095556
0 0.910625 0.736667 0.028750 0.095556
0 0.858125 0.663333 0.028750 0.095556
0 0.825625 0.734444 0.028750 0.095556
1 0.714375 0.757778 0.086250 0.146667
2 0.409375 0.814444 0.026250 0.117778
