0 0.030625 0.766667 0.033750 0.120000
0 0.074375 0.868889 0.036250 0.146667
0 0.132500 0.741111 0.027500 0.100000
0 0.355000 0.746667 0.035000 0.115556
0 0.197500 0.708889 0.025000 0.111111
0 0.079375 0.671111 0.028750 0.102222
0 0.144375 0.667778 0.026250 0.082222
0 0.188750 0.625556 0.020000 0.086667
0 0.221250 0.630000 0.025000 0.086667
0 0.346875 0.622222 0.028750 0.088889
0 0.403125 0.602222 0.018750 0.075556
0 0.545625 0.680000 0.031250 0.106667
0 0.691250 0.735556 0.027500 0.120000
0 0.725625 0.725556 0.028750 0.104444
0 0.786250 0.790000 0.032500 0.126667
0 0.820000 0.773333 0.032500 0.115556
0 0.917500 0.853333 0.037500 0.128889
0 0.752500 0.663333 0.017500 0.077778
0 0.679375 0.613333 0.023750 0.093333
0 0.792500 0.620000 0.017500 0.066667
0 0.809375 0.685556 0.031250 0.086667
0 0.843750 0.668889 0.022500 0.097778
1 0.271250 0.728889 0.092500 0.177778
