0 0.068750 0.740000 0.027500 0.120000
0 0.034375 0.716667 0.033750 0.117778
0 0.186250 0.856667 0.032500 0.135556
0 0.140625 0.757778 0.031250 0.120000
0 0.228125 0.767778 0.033750 0.122222
0 0.325625 0.640000 0.021250 0.093333
0 0.402500 0.627778 0.022500 0.091111
0 0.124375 0.622222 0.023750 0.084444
0 0.368750 0.603333 0.017500 0.077778
0 0.175000 0.588889 0.025000 0.080000
0 0.214375 0.600000 0.018750 0.084444
0 0.250625 0.593333 0.026250 0.088889
0 0.611250 0.714444 0.025000 0.108889
0 0.650000 0.738889 0.027500 0.104444
0 0.691875 0.833333 0.028750 0.128889
0 0.821250 0.857778 0.030000 0.120000
0 0.805000 0.758889 0.020000 0.100000
0 0.858125 0.796667 0.031250 0.108889
0 0.905000 0.802222 0.032500 0.124444
0 0.826875 0.623333 0.023750 0.086667
0 0.775625 0.617778 0.021250 0.080000
0 0.635000 0.640000 0.022500 0.075556
0 0.695625 0.581111 0.018750 0.082222
0 0.602500 0.593333 0.027500 0.075556
1 0.346875 0.737778 0.086250 0.164444
1 0.721250 0.745556 0.085000 0.126667
1 0.560000 0.624444 0.057500 0.097778
1 0.270625 0.933333 0.128750 0.124444
