0 0.091250 0.714444 0.022500 0.077778
0 0.145625 0.614444 0.033750 0.104444
0 0.655000 0.843333 0.037500 0.117778
0 0.839375 0.817778 0.028750 0.115556
0 0.911875 0.825556 0.031250 0.113333
0 0.693125 0.700000 0.021250 0.093333
0 0.735625 0.691111 0.031250 0.097778
0 0.850625 0.715556 0.028750 0.088889
0 0.795625 0.642222 0.018750 0.088889
0 0.822500 0.615556 0.027500 0.088889
0 0.661250 0.631111 0.022500 0.093333
0 0.626250 0.621111 0.020000 0.104444
0 0.710000 0.613333 0.015000 0.075556
0 0.737500 0.626667 0.020000 0.088889
0 0.753750 0.601111 0.020000 0.086667
