0 0.143750 0.692222 0.030000 0.100000
0 0.586875 0.794444 0.026250 0.117778
0 0.626875 0.775556 0.031250 0.133333
0 0.706250 0.785556 0.030000 0.108889
0 0.673125 0.722222 0.026250 0.102222
0 0.750625 0.755556 0.028750 0.106667
0 0.775000 0.854444 0.032500 0.131111
0 0.826875 0.758889 0.026250 0.100000
0 0.840000 0.875556 0.032500 0.093333
0 0.953125 0.844444 0.036250 0.115556
0 0.926875 0.710000 0.021250 0.100000
0 0.870625 0.675556 0.023750 0.088889
0 0.798125 0.673333 0.023750 0.075556
0 0.660000 0.644444 0.022500 0.084444
1 0.738125 0.664444 0.078750 0.097778
