0 0.162500 0.793333 0.032500 0.115556
0 0.153750 0.627778 0.027500 0.108889
0 0.293750 0.631111 0.025000 0.102222
0 0.367500 0.606667 0.022500 0.106667
0 0.401875 0.587778 0.018750 0.082222
0 0.100000 0.726667 0.027500 0.128889
0 0.681250 0.793333 0.035000 0.146667
0 0.058750 0.697778 0.027500 0.128889
0 0.331250 0.695556 0.027500 0.128889
0 0.253750 0.700000 0.027500 0.128889
0 0.201250 0.713333 0.027500 0.128889
0 0.116875 0.784444 0.028750 0.111111
0 0.731250 0.657778 0.017500 0.093333
0 0.701250 0.657778 0.017500 0.093333
0 0.818125 0.694444 0.013750 0.091111
0 0.793750 0.702222 0.017500 0.093333
0 0.930625 0.842222 0.028750 0.093333
0 0.957500 0.793333 0.027500 0.097778
0 0.856875 0.926667 0.033750 0.115556
0 0.873750 0.713333 0.017500 0.093333
0 0.820000 0.778889 0.017500 0.073333
0 0.748750 0.722222 0.017500 0.093333
0 0.721250 0.748889 0.022500 0.097778
0 0.620000 0.664444 0.017500 0.093333
0 0.542500 0.695556 0.017500 0.093333
1 0.606875 0.797778 0.073750 0.155556
1 0.658125 0.583333 0.061250 0.095556
