0 0.098125 0.882222 0.036250 0.137778
0 0.321875 0.774444 0.033750 0.131111
0 0.038750 0.797778 0.037500 0.111111
0 0.112500 0.736667 0.027500 0.113333
0 0.151875 0.734444 0.033750 0.113333
0 0.378125 0.712222 0.026250 0.131111
0 0.226250 0.660000 0.022500 0.080000
0 0.281875 0.640000 0.021250 0.093333
0 0.142500 0.667778 0.022500 0.073333
0 0.121875 0.625556 0.021250 0.100000
0 0.181250 0.605556 0.025000 0.100000
0 0.335625 0.613333 0.023750 0.080000
0 0.223750 0.606667 0.022500 0.084444
0 0.370625 0.608889 0.018750 0.088889
0 0.573750 0.804444 0.032500 0.133333
0 0.528750 0.638889 0.022500 0.086667
0 0.821875 0.805556 0.028750 0.113333
0 0.909375 0.910000 0.058750 0.157778
0 0.748750 0.708889 0.037500 0.111111
0 0.815625 0.693333 0.028750 0.097778
0 0.856250 0.742222 0.035000 0.093333
0 0.661875 0.652222 0.026250 0.108889
0 0.702500 0.668889 0.025000 0.093333
0 0.771250 0.691111 0.030000 0.111111
1 0.713125 0.843333 0.108750 0.171111
1 0.191875 0.892222 0.136250 0.215556
