0 0.097500 0.723333 0.025000 0.104444
0 0.131250 0.667778 0.020000 0.086667
0 0.306250 0.578889 0.015000 0.073333
0 0.615000 0.652222 0.020000 0.091111
0 0.653125 0.675556 0.026250 0.115556
0 0.787500 0.642222 0.017500 0.093333
0 0.749375 0.638889 0.013750 0.077778
0 0.725625 0.845556 0.021250 0.126667
0 0.669375 0.761111 0.028750 0.108889
0 0.825625 0.748889 0.021250 0.102222
0 0.927500 0.712222 0.020000 0.091111
0 0.810000 0.845556 0.020000 0.117778
0 0.674375 0.926667 0.038750 0.142222
0 0.883750 0.881111 0.032500 0.117778
1 0.605000 0.811111 0.080000 0.168889
1 0.716875 0.704444 0.086250 0.146667
