0 0.563125 0.804444 0.036250 0.115556
0 0.814375 0.788889 0.036250 0.115556
0 0.565625 0.684444 0.036250 0.115556
0 0.671875 0.740000 0.036250 0.115556
0 0.628125 0.755556 0.036250 0.115556
0 0.640625 0.866667 0.036250 0.115556
0 0.941875 0.768889 0.036250 0.115556
0 0.906875 0.882222 0.036250 0.115556
0 0.864375 0.711111 0.031250 0.093333
0 0.849375 0.780000 0.036250 0.115556
0 0.644375 0.685556 0.026250 0.104444
0 0.614375 0.685556 0.018750 0.086667
1 0.744375 0.882222 0.111250 0.186667
1 0.571875 0.560000 0.063750 0.133333
