0 0.931250 0.716667 0.025000 0.091111
0 0.616250 0.745556 0.025000 0.091111
0 0.573750 0.692222 0.025000 0.091111
0 0.595000 0.794444 0.025000 0.091111
0 0.685000 0.741111 0.025000 0.091111
0 0.715000 0.796667 0.025000 0.091111
0 0.800000 0.787778 0.025000 0.091111
0 0.756250 0.745556 0.025000 0.091111
0 0.782500 0.627778 0.025000 0.091111
0 0.812500 0.596667 0.025000 0.091111
0 0.847500 0.650000 0.025000 0.091111
0 0.600000 0.625556 0.025000 0.091111
0 0.271250 0.694444 0.025000 0.091111
0 0.708750 0.692222 0.025000 0.091111
0 0.654375 0.685556 0.028750 0.086667
0 0.175000 0.623333 0.025000 0.091111
0 0.126875 0.881111 0.033750 0.122222
0 0.193125 0.905556 0.028750 0.131111
0 0.226875 0.770000 0.026250 0.108889
0 0.246250 0.630000 0.025000 0.091111
0 0.216250 0.616667 0.025000 0.091111
0 0.290000 0.614444 0.025000 0.091111
1 0.356875 0.652222 0.083750 0.144444
1 0.865000 0.794444 0.095000 0.140000
