0 0.594375 0.717778 0.026250 0.097778
0 0.060625 0.788889 0.026250 0.097778
0 0.031875 0.764444 0.026250 0.097778
0 0.111875 0.675556 0.026250 0.097778
0 0.115625 0.764444 0.026250 0.097778
0 0.193125 0.777778 0.026250 0.097778
0 0.351875 0.717778 0.026250 0.097778
0 0.564375 0.646667 0.026250 0.097778
0 0.049375 0.928889 0.026250 0.097778
0 0.079375 0.828889 0.026250 0.097778
0 0.958125 0.744444 0.026250 0.097778
0 0.804375 0.724444 0.026250 0.097778
0 0.701875 0.657778 0.026250 0.097778
0 0.660625 0.655556 0.026250 0.097778
0 0.852500 0.858889 0.025000 0.104444
0 0.871875 0.731111 0.026250 0.097778
0 0.930625 0.846667 0.031250 0.120000
0 0.863125 0.665556 0.026250 0.073333
0 0.871875 0.582222 0.026250 0.097778
2 0.981875 0.696667 0.016250 0.108889
1 0.783125 0.902222 0.126250 0.186667
1 0.323750 0.573333 0.095000 0.213333
