0 0.113750 0.800000 0.030000 0.124444
0 0.187500 0.831111 0.042500 0.128889
0 0.028750 0.790000 0.035000 0.140000
0 0.104375 0.647778 0.026250 0.086667
0 0.156875 0.604444 0.018750 0.075556
0 0.302500 0.682222 0.030000 0.102222
0 0.206250 0.622222 0.020000 0.088889
0 0.243750 0.605556 0.017500 0.073333
0 0.393125 0.645556 0.023750 0.095556
0 0.355000 0.635556 0.027500 0.084444
0 0.717500 0.893333 0.025000 0.128889
0 0.672500 0.785556 0.025000 0.113333
0 0.643750 0.701111 0.020000 0.095556
0 0.610000 0.677778 0.022500 0.097778
0 0.805625 0.810000 0.021250 0.108889
0 0.879375 0.903333 0.033750 0.135556
0 0.831250 0.916667 0.037500 0.131111
0 0.876875 0.757778 0.028750 0.106667
0 0.840625 0.762222 0.028750 0.093333
0 0.770625 0.601111 0.018750 0.073333
0 0.811250 0.611111 0.025000 0.084444
0 0.716250 0.635556 0.020000 0.071111
0 0.838125 0.665556 0.031250 0.091111
0 0.731875 0.624444 0.023750 0.075556
0 0.627500 0.613333 0.020000 0.075556
1 0.334375 0.781111 0.096250 0.171111
1 0.558125 0.615556 0.053750 0.102222
1 0.712500 0.715556 0.085000 0.097778
