0 0.882500 0.701111 0.027500 0.104444
0 0.828750 0.792222 0.027500 0.104444
0 0.940000 0.816667 0.027500 0.104444
0 0.707500 0.785556 0.027500 0.104444
0 0.786250 0.854444 0.027500 0.104444
0 0.747500 0.847778 0.027500 0.104444
0 0.710000 0.905556 0.027500 0.104444
0 0.672500 0.743333 0.027500 0.104444
0 0.636250 0.741111 0.027500 0.104444
0 0.747500 0.743333 0.027500 0.104444
0 0.255000 0.598889 0.027500 0.104444
0 0.238750 0.756667 0.027500 0.104444
0 0.850000 0.752222 0.027500 0.104444
0 0.757500 0.690000 0.027500 0.091111
0 0.861250 0.892222 0.027500 0.104444
0 0.917500 0.945556 0.027500 0.104444
0 0.785000 0.674444 0.027500 0.104444
0 0.807500 0.672222 0.027500 0.104444
0 0.716250 0.674444 0.027500 0.104444
2 0.519375 0.633333 0.021250 0.088889
1 0.305625 0.870000 0.103750 0.206667
1 0.590625 0.652222 0.061250 0.122222
1 0.666250 0.641111 0.062500 0.091111
1 0.402500 0.590000 0.077500 0.206667
1 0.108125 0.706667 0.213750 0.368889
