0 0.910000 0.844444 0.042500 0.120000
0 0.836250 0.804444 0.025000 0.088889
0 0.800000 0.797778 0.025000 0.088889
0 0.769375 0.884444 0.028750 0.115556
0 0.735000 0.824444 0.025000 0.088889
0 0.536875 0.655556 0.018750 0.097778
0 0.558750 0.872222 0.025000 0.153333
0 0.537500 0.742222 0.025000 0.088889
0 0.706875 0.758889 0.021250 0.086667
0 0.776875 0.686667 0.018750 0.097778
0 0.749375 0.708889 0.018750 0.097778
0 0.710625 0.632222 0.021250 0.086667
0 0.273125 0.607778 0.021250 0.086667
0 0.133750 0.691111 0.035000 0.120000
0 0.058750 0.728889 0.027500 0.106667
0 0.148125 0.761111 0.021250 0.086667
0 0.184375 0.616667 0.021250 0.086667
0 0.213125 0.598889 0.021250 0.086667
0 0.323125 0.572222 0.021250 0.086667
0 0.186875 0.718889 0.021250 0.086667
1 0.634375 0.865556 0.093750 0.166667
1 0.353750 0.675556 0.070000 0.155556
1 0.252500 0.726667 0.082500 0.146667
1 0.597500 0.692222 0.065000 0.135556
1 0.377500 0.550000 0.050000 0.086667
2 0.840000 0.648889 0.022500 0.093333
