0 0.032500 0.758889 0.027500 0.108889
0 0.155000 0.683333 0.027500 0.108889
0 0.143750 0.778889 0.027500 0.108889
0 0.077500 0.763333 0.027500 0.108889
0 0.236250 0.638889 0.025000 0.100000
0 0.275000 0.620000 0.025000 0.093333
0 0.191250 0.712222 0.027500 0.108889
0 0.337500 0.603333 0.025000 0.100000
0 0.318750 0.596667 0.025000 0.100000
0 0.537500 0.835556 0.030000 0.124444
0 0.580000 0.786667 0.030000 0.124444
0 0.926250 0.711111 0.027500 0.102222
0 0.806250 0.826667 0.030000 0.124444
0 0.965000 0.917778 0.030000 0.124444
0 0.922500 0.817778 0.030000 0.124444
0 0.542500 0.726667 0.027500 0.102222
0 0.852500 0.743333 0.027500 0.108889
0 0.827500 0.765556 0.025000 0.104444
0 0.876250 0.868889 0.030000 0.124444
0 0.881875 0.726667 0.026250 0.106667
1 0.730000 0.823333 0.100000 0.157778
1 0.620625 0.696667 0.078750 0.131111
1 0.367500 0.713333 0.087500 0.186667
1 0.785625 0.677778 0.083750 0.120000
2 0.725000 0.637778 0.017500 0.080000
