0 0.869375 0.793333 0.031250 0.097778
0 0.810000 0.802222 0.032500 0.097778
0 0.756875 0.786667 0.031250 0.097778
0 0.694375 0.780000 0.031250 0.097778
0 0.276250 0.561111 0.020000 0.086667
0 0.576875 0.815556 0.031250 0.097778
0 0.218750 0.597778 0.027500 0.097778
0 0.030625 0.917778 0.038750 0.115556
0 0.134375 0.786667 0.031250 0.097778
0 0.220000 0.713333 0.032500 0.102222
0 0.345625 0.764444 0.031250 0.097778
0 0.911875 0.908889 0.031250 0.097778
0 0.971875 0.797778 0.031250 0.097778
0 0.598125 0.722222 0.031250 0.097778
0 0.560625 0.694444 0.031250 0.091111
0 0.621250 0.928889 0.030000 0.111111
0 0.783125 0.940000 0.031250 0.097778
0 0.843125 0.897778 0.031250 0.097778
0 0.833125 0.708889 0.031250 0.097778
0 0.879375 0.688889 0.031250 0.097778
0 0.639375 0.702222 0.031250 0.097778
0 0.784375 0.746667 0.031250 0.097778
0 0.753125 0.666667 0.031250 0.097778
0 0.723125 0.677778 0.031250 0.097778
0 0.693125 0.695556 0.031250 0.097778
1 0.360625 0.605556 0.071250 0.131111
1 0.180625 0.865556 0.111250 0.197778
