0 0.585625 0.683333 0.026250 0.091111
0 0.613125 0.656667 0.026250 0.091111
0 0.846875 0.710000 0.026250 0.091111
0 0.645625 0.738889 0.026250 0.091111
0 0.563125 0.827778 0.026250 0.091111
0 0.265625 0.832222 0.026250 0.091111
0 0.260625 0.734444 0.026250 0.091111
0 0.286875 0.585556 0.026250 0.091111
0 0.145625 0.621111 0.026250 0.091111
0 0.231875 0.641111 0.026250 0.091111
0 0.780625 0.681111 0.026250 0.091111
0 0.848125 0.607778 0.026250 0.091111
0 0.803125 0.670000 0.026250 0.091111
0 0.686875 0.830000 0.026250 0.091111
0 0.668125 0.656667 0.026250 0.091111
0 0.810625 0.595556 0.023750 0.066667
0 0.633125 0.627778 0.026250 0.091111
0 0.751875 0.696667 0.026250 0.091111
0 0.253125 0.547778 0.021250 0.077778
0 0.568750 0.653333 0.020000 0.088889
0 0.793750 0.945556 0.032500 0.108889
1 0.758125 0.804444 0.106250 0.151111
1 0.925000 0.920000 0.150000 0.160000
