0 0.233750 0.698889 0.020000 0.091111
0 0.712500 0.858889 0.020000 0.091111
0 0.170000 0.656667 0.020000 0.091111
0 0.202500 0.583333 0.020000 0.091111
0 0.131875 0.625556 0.028750 0.100000
0 0.190000 0.727778 0.017500 0.077778
0 0.152500 0.785556 0.020000 0.091111
0 0.038750 0.787778 0.020000 0.091111
0 0.073750 0.805556 0.020000 0.091111
0 0.340000 0.658889 0.020000 0.091111
0 0.306250 0.807778 0.027500 0.122222
0 0.666250 0.750000 0.027500 0.122222
0 0.856250 0.861111 0.027500 0.122222
0 0.835000 0.898889 0.030000 0.126667
0 0.636875 0.670000 0.018750 0.108889
0 0.861250 0.651111 0.022500 0.106667
0 0.847500 0.765556 0.020000 0.091111
0 0.808750 0.767778 0.020000 0.091111
0 0.767500 0.772222 0.020000 0.091111
0 0.612500 0.641111 0.020000 0.091111
1 0.597500 0.760000 0.077500 0.151111
1 0.645625 0.943333 0.103750 0.113333
1 0.775625 0.636667 0.096250 0.148889
