0 0.188750 0.845556 0.037500 0.153333
0 0.351875 0.650000 0.033750 0.126667
0 0.147500 0.654444 0.025000 0.091111
0 0.181250 0.621111 0.025000 0.091111
0 0.216875 0.611111 0.021250 0.075556
0 0.258750 0.604444 0.022500 0.066667
0 0.563750 0.800000 0.030000 0.128889
0 0.814375 0.805556 0.036250 0.104444
0 0.703750 0.732222 0.025000 0.108889
0 0.666875 0.664444 0.028750 0.080000
0 0.726250 0.698889 0.025000 0.095556
0 0.761250 0.678889 0.025000 0.100000
0 0.801250 0.703333 0.035000 0.108889
0 0.853125 0.773333 0.028750 0.115556
0 0.833750 0.680000 0.025000 0.088889
0 0.609375 0.590000 0.028750 0.077778
0 0.726875 0.610000 0.026250 0.068889
0 0.668125 0.602222 0.026250 0.066667
0 0.782500 0.635556 0.020000 0.075556
0 0.835000 0.627778 0.030000 0.073333
0 0.687500 0.588889 0.020000 0.075556
0 0.149375 0.597778 0.026250 0.066667
0 0.935625 0.722222 0.023750 0.102222
0 0.975000 0.778889 0.050000 0.095556
0 0.822500 0.933333 0.040000 0.133333
