0 0.196875 0.901111 0.043750 0.140000
0 0.289375 0.640000 0.021250 0.093333
0 0.330625 0.594444 0.021250 0.073333
0 0.183125 0.825556 0.031250 0.100000
0 0.681250 0.728889 0.022500 0.102222
0 0.751250 0.850000 0.020000 0.122222
0 0.768750 0.765556 0.027500 0.108889
0 0.796250 0.718889 0.030000 0.104444
0 0.869375 0.685556 0.041250 0.091111
0 0.709375 0.668889 0.031250 0.093333
0 0.663125 0.630000 0.021250 0.091111
0 0.591250 0.627778 0.022500 0.086667
1 0.336250 0.761111 0.092500 0.166667
1 0.588750 0.921111 0.102500 0.157778
