0 0.320000 0.834444 0.035000 0.148889
0 0.060625 0.936667 0.066250 0.126667
0 0.558750 0.704444 0.032500 0.102222
0 0.748125 0.732222 0.031250 0.091111
0 0.750625 0.920000 0.038750 0.133333
0 0.778125 0.822222 0.041250 0.111111
0 0.811250 0.808889 0.035000 0.133333
0 0.870625 0.830000 0.033750 0.135556
0 0.907500 0.824444 0.045000 0.146667
0 0.806250 0.663333 0.030000 0.095556
0 0.765000 0.690000 0.027500 0.095556
0 0.623750 0.660000 0.025000 0.097778
0 0.726250 0.676667 0.030000 0.095556
1 0.677500 0.666667 0.062500 0.111111
2 0.508125 0.603333 0.016250 0.086667
