0 0.041875 0.833333 0.026250 0.120000
0 0.075625 0.851111 0.021250 0.088889
0 0.095000 0.781111 0.027500 0.100000
0 0.052500 0.743333 0.032500 0.091111
0 0.140625 0.813333 0.026250 0.115556
0 0.121875 0.691111 0.021250 0.084444
0 0.162500 0.720000 0.027500 0.080000
0 0.215625 0.680000 0.023750 0.080000
0 0.241250 0.638889 0.027500 0.082222
0 0.189375 0.632222 0.018750 0.077778
0 0.560625 0.864444 0.041250 0.133333
0 0.705625 0.913333 0.038750 0.142222
0 0.854375 0.870000 0.041250 0.126667
0 0.555000 0.722222 0.025000 0.093333
0 0.550000 0.653333 0.030000 0.084444
0 0.908750 0.846667 0.040000 0.106667
0 0.940000 0.931111 0.042500 0.133333
0 0.831250 0.752222 0.027500 0.108889
0 0.896250 0.770000 0.042500 0.104444
0 0.680625 0.654444 0.026250 0.086667
0 0.724375 0.658889 0.023750 0.086667
0 0.805000 0.704444 0.035000 0.093333
0 0.383750 0.638889 0.030000 0.086667
0 0.807500 0.605556 0.042500 0.073333
1 0.348750 0.771111 0.085000 0.191111
1 0.244375 0.757778 0.108750 0.151111
1 0.325625 0.592222 0.056250 0.113333
1 0.408750 0.555556 0.045000 0.080000
1 0.621875 0.666667 0.073750 0.186667
1 0.764375 0.801111 0.111250 0.175556
