0 0.102500 0.782222 0.030000 0.111111
0 0.170625 0.751111 0.028750 0.115556
0 0.338125 0.820000 0.033750 0.137778
0 0.041250 0.705556 0.027500 0.108889
0 0.116875 0.702222 0.026250 0.088889
0 0.348750 0.662222 0.032500 0.102222
0 0.166250 0.653333 0.022500 0.088889
0 0.202500 0.651111 0.032500 0.102222
0 0.399375 0.640000 0.023750 0.088889
0 0.256875 0.608889 0.021250 0.088889
0 0.541250 0.663333 0.025000 0.091111
0 0.676875 0.693333 0.028750 0.106667
0 0.877500 0.918889 0.040000 0.135556
0 0.771250 0.756667 0.032500 0.117778
0 0.803125 0.742222 0.028750 0.111111
0 0.896250 0.811111 0.035000 0.111111
0 0.711250 0.703333 0.022500 0.108889
0 0.748125 0.647778 0.021250 0.086667
0 0.785625 0.614444 0.021250 0.077778
0 0.833125 0.655556 0.023750 0.075556
1 0.250000 0.780000 0.110000 0.204444
