0 0.256250 0.632222 0.027500 0.068889
0 0.768125 0.714444 0.028750 0.086667
0 0.310000 0.615556 0.027500 0.115556
0 0.327500 0.848889 0.027500 0.115556
0 0.272500 0.817778 0.027500 0.115556
0 0.275000 0.708889 0.027500 0.115556
0 0.240000 0.696667 0.025000 0.086667
0 0.131250 0.675556 0.027500 0.115556
0 0.065000 0.795556 0.027500 0.115556
0 0.032500 0.862222 0.027500 0.115556
0 0.143125 0.610000 0.028750 0.086667
0 0.814375 0.743333 0.028750 0.086667
0 0.775625 0.830000 0.028750 0.086667
0 0.865625 0.830000 0.028750 0.086667
0 0.731875 0.854444 0.028750 0.086667
0 0.718125 0.787778 0.028750 0.086667
0 0.603125 0.738889 0.028750 0.086667
0 0.608750 0.671111 0.030000 0.057778
0 0.580625 0.652222 0.028750 0.086667
0 0.541875 0.627778 0.028750 0.086667
0 0.836875 0.630000 0.028750 0.086667
0 0.910000 0.801111 0.025000 0.091111
0 0.868125 0.738889 0.028750 0.086667
0 0.210625 0.592222 0.028750 0.086667
0 0.730625 0.727778 0.028750 0.086667
0 0.831875 0.703333 0.028750 0.086667
1 0.655625 0.635556 0.083750 0.160000
1 0.395000 0.584444 0.057500 0.106667
1 0.176250 0.871111 0.160000 0.253333
