0 0.140625 0.798889 0.031250 0.108889
0 0.091875 0.721111 0.031250 0.100000
0 0.135625 0.726667 0.028750 0.106667
0 0.176875 0.641111 0.028750 0.100000
0 0.222500 0.626667 0.030000 0.093333
0 0.024375 0.910000 0.046250 0.157778
0 0.118125 0.926667 0.046250 0.137778
0 0.275625 0.563333 0.021250 0.077778
0 0.815625 0.873333 0.048750 0.128889
0 0.878125 0.882222 0.041250 0.155556
0 0.789375 0.757778 0.033750 0.120000
0 0.899375 0.695556 0.036250 0.106667
0 0.733125 0.642222 0.033750 0.102222
0 0.779375 0.641111 0.038750 0.100000
0 0.820000 0.647778 0.030000 0.095556
0 0.979375 0.815556 0.041250 0.115556
0 0.306250 0.551111 0.022500 0.080000
0 0.567500 0.588889 0.030000 0.084444
1 0.353750 0.632222 0.055000 0.104444
1 0.236875 0.777778 0.098750 0.164444
1 0.673750 0.767778 0.107500 0.184444
1 0.655000 0.627778 0.077500 0.086667
1 0.647500 0.541111 0.057500 0.068889
1 0.449375 0.496667 0.036250 0.073333
