0 0.701250 0.728889 0.025000 0.097778
0 0.838125 0.806667 0.031250 0.111111
0 0.745000 0.828889 0.025000 0.097778
0 0.936250 0.843333 0.027500 0.104444
0 0.650000 0.677778 0.025000 0.097778
0 0.617500 0.693333 0.025000 0.097778
0 0.625000 0.775556 0.025000 0.097778
0 0.868750 0.613333 0.025000 0.097778
0 0.853750 0.686667 0.025000 0.097778
0 0.886250 0.668889 0.025000 0.097778
0 0.916250 0.753333 0.025000 0.097778
0 0.875000 0.760000 0.025000 0.097778
0 0.686250 0.646667 0.025000 0.097778
1 0.567500 0.664444 0.057500 0.106667
