0 0.139375 0.703333 0.026250 0.095556
0 0.603125 0.658889 0.026250 0.095556
0 0.834375 0.716667 0.026250 0.095556
0 0.869375 0.863333 0.026250 0.095556
0 0.854375 0.930000 0.026250 0.095556
0 0.923125 0.905556 0.026250 0.095556
0 0.829375 0.807778 0.026250 0.095556
0 0.774375 0.792222 0.026250 0.095556
0 0.808125 0.907778 0.026250 0.095556
0 0.649375 0.896667 0.026250 0.095556
0 0.596875 0.830000 0.026250 0.095556
0 0.561875 0.741111 0.026250 0.095556
0 0.240625 0.594444 0.026250 0.095556
0 0.369375 0.585556 0.026250 0.095556
0 0.406875 0.634444 0.026250 0.095556
0 0.356875 0.647778 0.026250 0.095556
0 0.210625 0.661111 0.026250 0.095556
0 0.321875 0.714444 0.026250 0.095556
0 0.069375 0.772222 0.026250 0.095556
0 0.031875 0.752222 0.026250 0.095556
0 0.736875 0.627778 0.026250 0.095556
0 0.680625 0.621111 0.026250 0.095556
0 0.165625 0.647778 0.026250 0.095556
0 0.810625 0.732222 0.026250 0.095556
0 0.864375 0.692222 0.026250 0.095556
0 0.931875 0.690000 0.026250 0.095556
1 0.707500 0.774444 0.125000 0.220000
1 0.306250 0.920000 0.122500 0.146667
1 0.129375 0.826667 0.133750 0.133333
1 0.295000 0.625556 0.077500 0.180000
