0 0.562500 0.685556 0.025000 0.095556
0 0.648125 0.736667 0.038750 0.117778
0 0.721250 0.698889 0.025000 0.100000
0 0.753750 0.763333 0.022500 0.108889
0 0.773750 0.726667 0.025000 0.093333
0 0.829375 0.811111 0.026250 0.093333
0 0.909375 0.707778 0.038750 0.108889
0 0.908750 0.836667 0.032500 0.113333
0 0.828125 0.647778 0.028750 0.082222
0 0.770000 0.613333 0.025000 0.066667
0 0.699375 0.620000 0.016250 0.071111
0 0.732500 0.614444 0.017500 0.077778
1 0.195000 0.568889 0.077500 0.102222
1 0.756250 0.925556 0.130000 0.148889
1 0.580625 0.543333 0.053750 0.148889
2 0.517500 0.602222 0.020000 0.084444
