0 0.870000 0.778889 0.032500 0.108889
0 0.837500 0.838889 0.032500 0.108889
0 0.810000 0.656667 0.032500 0.108889
0 0.778750 0.710000 0.032500 0.108889
0 0.680000 0.767778 0.032500 0.108889
0 0.790000 0.841111 0.032500 0.108889
0 0.712500 0.825556 0.032500 0.108889
0 0.670000 0.876667 0.032500 0.108889
0 0.633750 0.785556 0.032500 0.108889
0 0.600000 0.750000 0.032500 0.108889
0 0.548750 0.718889 0.032500 0.108889
0 0.090000 0.754444 0.032500 0.108889
0 0.178750 0.716667 0.032500 0.108889
0 0.958750 0.923333 0.032500 0.108889
0 0.923750 0.810000 0.032500 0.108889
0 0.043750 0.838889 0.032500 0.108889
0 0.182500 0.605556 0.032500 0.108889
0 0.138750 0.658889 0.032500 0.108889
0 0.351875 0.567778 0.018750 0.082222
0 0.322500 0.556667 0.022500 0.068889
0 0.618125 0.673333 0.026250 0.097778
0 0.655000 0.690000 0.032500 0.086667
0 0.680625 0.660000 0.023750 0.102222
0 0.573125 0.655556 0.033750 0.093333
0 0.720000 0.652222 0.032500 0.108889
0 0.730625 0.751111 0.026250 0.111111
0 0.882500 0.710000 0.032500 0.108889
0 0.846250 0.636667 0.032500 0.108889
0 0.830000 0.752222 0.032500 0.108889
0 0.766250 0.941111 0.032500 0.108889
1 0.368750 0.693333 0.067500 0.128889
1 0.206875 0.867778 0.163750 0.242222
1 0.285000 0.643333 0.080000 0.135556
0 0.623750 0.940000 0.040000 0.102222
