0 0.932500 0.852222 0.027500 0.104444
0 0.902500 0.781111 0.027500 0.104444
0 0.846250 0.856667 0.027500 0.104444
0 0.861250 0.653333 0.025000 0.088889
0 0.913750 0.692222 0.027500 0.104444
0 0.782500 0.787778 0.027500 0.104444
0 0.247500 0.601111 0.027500 0.104444
0 0.058750 0.836667 0.027500 0.104444
0 0.231250 0.701111 0.027500 0.104444
0 0.157500 0.667778 0.027500 0.104444
0 0.165000 0.750000 0.027500 0.104444
0 0.683125 0.640000 0.013750 0.084444
0 0.665000 0.667778 0.027500 0.104444
0 0.682500 0.738889 0.027500 0.104444
0 0.716250 0.738889 0.027500 0.104444
0 0.953750 0.783333 0.032500 0.100000
0 0.675000 0.562222 0.015000 0.075556
0 0.702500 0.595556 0.015000 0.075556
0 0.646250 0.557778 0.015000 0.075556
1 0.296875 0.731111 0.088750 0.146667
1 0.739375 0.930000 0.111250 0.140000
1 0.614375 0.630000 0.058750 0.091111
2 0.363750 0.618889 0.012500 0.086667
1 0.783125 0.608889 0.128750 0.164444
