0 0.301875 0.886667 0.038750 0.173333
0 0.731250 0.870000 0.045000 0.144444
0 0.763125 0.784444 0.028750 0.115556
0 0.805000 0.778889 0.027500 0.117778
0 0.741250 0.712222 0.027500 0.095556
0 0.615625 0.638889 0.023750 0.091111
0 0.848750 0.791111 0.030000 0.120000
0 0.793750 0.641111 0.017500 0.091111
0 0.551875 0.672222 0.018750 0.100000
0 0.901875 0.706667 0.038750 0.097778
0 0.959375 0.926667 0.046250 0.133333
0 0.716250 0.652222 0.017500 0.104444
0 0.653125 0.576667 0.016250 0.055556
0 0.554375 0.587778 0.026250 0.068889
0 0.589375 0.554444 0.018750 0.068889
2 0.509375 0.603333 0.016250 0.086667
1 0.669375 0.642222 0.056250 0.106667
1 0.635625 0.854444 0.121250 0.286667
