0 0.111250 0.904444 0.037500 0.142222
0 0.055625 0.844444 0.038750 0.120000
0 0.081875 0.693333 0.043750 0.106667
0 0.139375 0.678889 0.033750 0.117778
0 0.185000 0.682222 0.037500 0.124444
0 0.243750 0.663333 0.025000 0.108889
0 0.291875 0.603333 0.026250 0.086667
0 0.266250 0.602222 0.035000 0.102222
0 0.211875 0.625556 0.026250 0.100000
0 0.373125 0.687778 0.033750 0.117778
0 0.226250 0.543333 0.022500 0.073333
0 0.592500 0.724444 0.020000 0.124444
0 0.646250 0.767778 0.045000 0.117778
0 0.638750 0.881111 0.057500 0.144444
0 0.891875 0.928889 0.061250 0.142222
0 0.948750 0.867778 0.057500 0.140000
0 0.905625 0.684444 0.041250 0.097778
0 0.865625 0.686667 0.041250 0.102222
0 0.778125 0.708889 0.033750 0.111111
0 0.710625 0.614444 0.031250 0.077778
0 0.815000 0.622222 0.030000 0.093333
0 0.746875 0.643333 0.028750 0.108889
1 0.648125 0.660000 0.076250 0.102222
1 0.295625 0.721111 0.078750 0.153333
1 0.411875 0.538889 0.046250 0.095556
1 0.775000 0.850000 0.117500 0.175556
1 0.585625 0.534444 0.041250 0.073333
2 0.885000 0.600000 0.017500 0.062222
