0 0.881875 0.598889 0.023750 0.091111
0 0.068750 0.767778 0.027500 0.113333
0 0.174375 0.888889 0.036250 0.137778
0 0.764375 0.892222 0.023750 0.091111
0 0.766875 0.785556 0.023750 0.091111
0 0.706875 0.634444 0.023750 0.091111
0 0.684375 0.616667 0.023750 0.091111
0 0.659375 0.647778 0.023750 0.091111
0 0.639375 0.670000 0.023750 0.091111
0 0.708125 0.725556 0.023750 0.091111
0 0.731875 0.687778 0.023750 0.091111
0 0.125625 0.884444 0.036250 0.137778
0 0.025000 0.734444 0.027500 0.113333
1 0.341875 0.697778 0.076250 0.128889
1 0.643125 0.810000 0.078750 0.157778
1 0.876875 0.772222 0.196250 0.322222
1 0.385625 0.544444 0.056250 0.075556
2 0.413750 0.621111 0.017500 0.095556
