0 0.599375 0.640000 0.023750 0.097778
0 0.771875 0.606667 0.021250 0.084444
0 0.725625 0.613333 0.023750 0.075556
0 0.120000 0.851111 0.030000 0.106667
0 0.175625 0.777778 0.023750 0.097778
0 0.795625 0.600000 0.021250 0.084444
0 0.748125 0.735556 0.021250 0.084444
0 0.881875 0.717778 0.021250 0.084444
0 0.927500 0.846667 0.030000 0.075556
0 0.833125 0.635556 0.021250 0.084444
0 0.884375 0.637778 0.021250 0.084444
2 0.250000 0.621111 0.022500 0.086667
2 0.228750 0.595556 0.017500 0.097778
1 0.650000 0.621111 0.057500 0.095556
1 0.713125 0.825556 0.096250 0.144444
1 0.825000 0.771111 0.117500 0.155556
