0 0.097500 0.857778 0.030000 0.137778
0 0.072500 0.792222 0.027500 0.122222
0 0.039375 0.735556 0.031250 0.120000
0 0.153750 0.778889 0.025000 0.113333
0 0.138750 0.712222 0.017500 0.104444
0 0.136875 0.647778 0.021250 0.082222
0 0.115000 0.632222 0.022500 0.091111
0 0.170625 0.646667 0.031250 0.088889
0 0.330000 0.668889 0.025000 0.097778
0 0.219375 0.628889 0.018750 0.097778
0 0.361875 0.620000 0.023750 0.088889
0 0.743750 0.782222 0.030000 0.106667
0 0.927500 0.891111 0.045000 0.142222
0 0.850625 0.791111 0.033750 0.111111
0 0.790625 0.717778 0.028750 0.102222
0 0.721250 0.638889 0.020000 0.082222
0 0.633125 0.644444 0.028750 0.097778
0 0.605625 0.595556 0.023750 0.080000
0 0.765000 0.611111 0.020000 0.088889
0 0.818125 0.632222 0.028750 0.095556
0 0.752500 0.711111 0.025000 0.088889
1 0.571250 0.670000 0.062500 0.108889
1 0.621250 0.892222 0.100000 0.184444
1 0.250625 0.724444 0.108750 0.177778
