0 0.318750 0.708889 0.030000 0.106667
0 0.230000 0.722222 0.030000 0.106667
0 0.142500 0.713333 0.030000 0.106667
0 0.065000 0.733333 0.030000 0.106667
0 0.258750 0.626667 0.030000 0.106667
0 0.126875 0.910000 0.038750 0.140000
0 0.588750 0.706667 0.030000 0.106667
0 0.563750 0.637778 0.030000 0.106667
0 0.656250 0.808889 0.030000 0.106667
0 0.886250 0.808889 0.030000 0.106667
0 0.798750 0.788889 0.030000 0.106667
0 0.741875 0.706667 0.026250 0.102222
0 0.857500 0.664444 0.020000 0.075556
0 0.816875 0.725556 0.028750 0.100000
0 0.962500 0.784444 0.030000 0.106667
0 0.366250 0.617778 0.030000 0.106667
2 0.180625 0.624444 0.023750 0.088889
2 0.155625 0.618889 0.023750 0.095556
1 0.646250 0.630000 0.060000 0.113333
1 0.749375 0.613333 0.078750 0.088889
