0 0.177500 0.748889 0.022500 0.111111
0 0.015000 0.711111 0.022500 0.111111
0 0.155000 0.873333 0.022500 0.111111
0 0.193750 0.624444 0.022500 0.111111
0 0.148750 0.597778 0.022500 0.111111
0 0.202500 0.700000 0.022500 0.111111
0 0.238750 0.680000 0.022500 0.111111
0 0.347500 0.631111 0.022500 0.111111
0 0.017500 0.782222 0.022500 0.111111
0 0.078750 0.731111 0.022500 0.111111
0 0.098750 0.757778 0.022500 0.111111
0 0.322500 0.751111 0.022500 0.111111
0 0.973125 0.924444 0.036250 0.124444
0 0.871250 0.882222 0.022500 0.111111
0 0.860000 0.940000 0.022500 0.111111
0 0.828750 0.802222 0.022500 0.111111
0 0.780000 0.802222 0.022500 0.111111
0 0.620000 0.648889 0.022500 0.111111
0 0.725000 0.884444 0.022500 0.111111
0 0.692500 0.735556 0.022500 0.111111
0 0.666250 0.780000 0.022500 0.111111
0 0.648750 0.693333 0.022500 0.111111
0 0.870000 0.782222 0.022500 0.111111
0 0.860000 0.653333 0.022500 0.111111
1 0.783750 0.656667 0.097500 0.153333
1 0.598750 0.761111 0.072500 0.157778
1 0.648750 0.953333 0.110000 0.093333
