0 0.284375 0.682222 0.018750 0.097778
0 0.211875 0.673333 0.021250 0.097778
0 0.133750 0.773333 0.022500 0.115556
0 0.126250 0.655556 0.020000 0.084444
0 0.261250 0.655556 0.022500 0.093333
0 0.659375 0.688889 0.023750 0.088889
0 0.820625 0.907778 0.043750 0.131111
0 0.778125 0.934444 0.033750 0.108889
0 0.895625 0.864444 0.031250 0.124444
0 0.588125 0.641111 0.021250 0.091111
0 0.623125 0.594444 0.021250 0.082222
0 0.926875 0.808889 0.028750 0.115556
0 0.875625 0.784444 0.036250 0.106667
1 0.695000 0.850000 0.102500 0.184444
1 0.568750 0.736667 0.070000 0.126667
1 0.373750 0.642222 0.072500 0.137778
1 0.185000 0.862222 0.170000 0.275556
1 0.758125 0.638889 0.146250 0.264444
