0 0.273750 0.738889 0.037500 0.131111
0 0.061875 0.783333 0.033750 0.113333
0 0.105000 0.758889 0.035000 0.122222
0 0.175000 0.724444 0.027500 0.111111
0 0.165625 0.670000 0.026250 0.073333
0 0.226875 0.626667 0.031250 0.088889
0 0.121875 0.628889 0.023750 0.093333
0 0.175625 0.577778 0.026250 0.084444
0 0.316250 0.592222 0.022500 0.077778
0 0.285625 0.586667 0.021250 0.080000
0 0.370000 0.581111 0.030000 0.082222
0 0.255625 0.571111 0.023750 0.075556
0 0.562500 0.687778 0.027500 0.095556
0 0.754375 0.764444 0.026250 0.111111
0 0.856250 0.847778 0.047500 0.144444
0 0.676250 0.650000 0.017500 0.091111
0 0.648750 0.608889 0.020000 0.088889
0 0.702500 0.632222 0.017500 0.082222
0 0.732500 0.621111 0.017500 0.091111
0 0.766875 0.697778 0.031250 0.097778
0 0.801250 0.668889 0.025000 0.084444
0 0.896875 0.731111 0.041250 0.111111
0 0.765625 0.624444 0.026250 0.066667
0 0.872500 0.563333 0.020000 0.082222
