0 0.605625 0.767778 0.026250 0.122222
0 0.841875 0.795556 0.036250 0.115556
0 0.890625 0.810000 0.031250 0.104444
0 0.942500 0.718889 0.025000 0.104444
0 0.678125 0.696667 0.033750 0.095556
0 0.744375 0.711111 0.026250 0.102222
0 0.796250 0.728889 0.027500 0.088889
0 0.831250 0.635556 0.020000 0.066667
0 0.750000 0.620000 0.017500 0.066667
0 0.710625 0.610000 0.013750 0.068889
0 0.611250 0.644444 0.022500 0.080000
0 0.649375 0.907778 0.053750 0.104444
0 0.963125 0.906667 0.056250 0.120000
1 0.741250 0.884444 0.112500 0.173333
