0 0.678750 0.647778 0.030000 0.091111
0 0.653750 0.667778 0.030000 0.091111
0 0.682500 0.901111 0.030000 0.091111
0 0.690000 0.770000 0.030000 0.091111
0 0.526250 0.803333 0.030000 0.091111
0 0.917500 0.696667 0.030000 0.091111
0 0.858750 0.670000 0.030000 0.091111
0 0.823750 0.681111 0.030000 0.091111
0 0.796250 0.676667 0.030000 0.091111
0 0.587500 0.948889 0.037500 0.102222
0 0.911250 0.873333 0.022500 0.084444
0 0.870625 0.770000 0.028750 0.100000
0 0.356250 0.628889 0.040000 0.093333
1 0.606250 0.762222 0.102500 0.240000
1 0.808750 0.888889 0.155000 0.222222
2 0.909375 0.621111 0.021250 0.077778
