0 0.738125 0.686667 0.028750 0.093333
0 0.808125 0.758889 0.026250 0.095556
0 0.680625 0.866667 0.028750 0.093333
0 0.656875 0.737778 0.028750 0.093333
0 0.619375 0.720000 0.028750 0.093333
0 0.895625 0.837778 0.028750 0.093333
0 0.970625 0.873333 0.028750 0.093333
0 0.599375 0.606667 0.028750 0.093333
0 0.543125 0.633333 0.028750 0.093333
0 0.894375 0.726667 0.028750 0.093333
0 0.861875 0.742222 0.028750 0.093333
0 0.858125 0.840000 0.028750 0.093333
0 0.826875 0.733333 0.028750 0.093333
0 0.780625 0.700000 0.028750 0.093333
0 0.195625 0.742222 0.028750 0.093333
0 0.220625 0.624444 0.028750 0.093333
0 0.053125 0.888889 0.028750 0.093333
0 0.181875 0.848889 0.028750 0.093333
0 0.138125 0.713333 0.028750 0.093333
0 0.114375 0.777778 0.028750 0.093333
0 0.059375 0.771111 0.028750 0.093333
0 0.949375 0.740000 0.028750 0.093333
0 0.804375 0.651111 0.028750 0.093333
0 0.836875 0.626667 0.028750 0.093333
2 0.881250 0.603333 0.025000 0.055556
2 0.707500 0.638889 0.017500 0.082222
1 0.790000 0.908889 0.135000 0.182222
1 0.310625 0.878889 0.111250 0.197778
1 0.396875 0.583333 0.076250 0.202222
