0 0.595625 0.777778 0.021250 0.093333
0 0.705000 0.912222 0.035000 0.126667
0 0.715625 0.806667 0.023750 0.106667
0 0.781250 0.788889 0.027500 0.106667
0 0.911875 0.834444 0.043750 0.131111
0 0.813750 0.862222 0.032500 0.128889
0 0.748125 0.736667 0.026250 0.100000
0 0.840000 0.736667 0.022500 0.100000
0 0.684375 0.647778 0.023750 0.077778
0 0.740625 0.637778 0.016250 0.071111
0 0.635625 0.646667 0.023750 0.088889
0 0.782500 0.655556 0.020000 0.088889
0 0.928125 0.750000 0.028750 0.104444
0 0.818750 0.633333 0.022500 0.075556
0 0.260625 0.608889 0.041250 0.093333
