0 0.546250 0.640000 0.027500 0.115556
0 0.837500 0.720000 0.027500 0.115556
0 0.876875 0.751111 0.023750 0.097778
0 0.817500 0.775556 0.027500 0.115556
0 0.925000 0.828889 0.027500 0.115556
0 0.610625 0.674444 0.021250 0.086667
0 0.585625 0.665556 0.023750 0.100000
0 0.725000 0.820000 0.027500 0.115556
0 0.885000 0.844444 0.027500 0.115556
0 0.788750 0.873333 0.027500 0.115556
0 0.742500 0.895556 0.027500 0.115556
0 0.613750 0.751111 0.027500 0.115556
0 0.229375 0.572222 0.023750 0.082222
0 0.163750 0.651111 0.020000 0.084444
0 0.266875 0.663333 0.026250 0.086667
0 0.066250 0.722222 0.027500 0.115556
0 0.095000 0.797778 0.027500 0.115556
0 0.047500 0.857778 0.027500 0.115556
0 0.303125 0.672222 0.026250 0.086667
0 0.291250 0.782222 0.027500 0.115556
0 0.336250 0.791111 0.027500 0.115556
0 0.273125 0.601111 0.023750 0.082222
0 0.320625 0.585556 0.023750 0.082222
0 0.168125 0.585556 0.023750 0.082222
0 0.111875 0.714444 0.023750 0.082222
0 0.795000 0.711111 0.027500 0.115556
0 0.740625 0.752222 0.026250 0.091111
0 0.782500 0.733333 0.027500 0.115556
0 0.845625 0.635556 0.023750 0.097778
0 0.874375 0.668889 0.023750 0.097778
1 0.198750 0.853333 0.142500 0.293333
1 0.662500 0.651111 0.085000 0.160000
