0 0.336875 0.766667 0.031250 0.151111
0 0.131875 0.760000 0.033750 0.120000
0 0.063125 0.786667 0.043750 0.137778
0 0.194375 0.746667 0.026250 0.124444
0 0.170625 0.687778 0.028750 0.100000
0 0.260000 0.665556 0.035000 0.117778
0 0.228750 0.650000 0.025000 0.108889
0 0.205000 0.631111 0.025000 0.102222
0 0.195625 0.590000 0.023750 0.095556
0 0.285625 0.567778 0.031250 0.091111
0 0.621875 0.771111 0.031250 0.124444
0 0.641875 0.940000 0.048750 0.120000
0 0.940000 0.728889 0.037500 0.102222
0 0.889375 0.778889 0.038750 0.113333
0 0.841250 0.834444 0.042500 0.126667
0 0.807500 0.734444 0.032500 0.100000
0 0.843750 0.728889 0.032500 0.111111
0 0.826875 0.635556 0.036250 0.084444
0 0.581250 0.663333 0.032500 0.108889
0 0.696875 0.584444 0.023750 0.080000
0 0.730000 0.615556 0.020000 0.080000
1 0.400625 0.588889 0.051250 0.124444
1 0.245000 0.828889 0.102500 0.204444
1 0.635625 0.623333 0.066250 0.086667
1 0.335000 0.580000 0.052500 0.106667
1 0.582500 0.521111 0.037500 0.073333
1 0.739375 0.767778 0.098750 0.157778
2 0.880000 0.602222 0.015000 0.093333
