0 0.264375 0.610000 0.011250 0.086667
0 0.287500 0.617778 0.022500 0.084444
0 0.322500 0.650000 0.027500 0.104444
0 0.377500 0.586667 0.020000 0.088889
0 0.601875 0.575556 0.018750 0.066667
0 0.738125 0.743333 0.026250 0.108889
0 0.762500 0.705556 0.022500 0.095556
0 0.853750 0.726667 0.027500 0.102222
0 0.783750 0.682222 0.032500 0.097778
0 0.815000 0.674444 0.032500 0.113333
0 0.860000 0.653333 0.040000 0.088889
0 0.666875 0.637778 0.023750 0.084444
0 0.624375 0.605556 0.026250 0.068889
1 0.626250 0.705556 0.075000 0.135556
