0 0.702500 0.861111 0.027500 0.113333
0 0.828750 0.832222 0.027500 0.113333
0 0.901250 0.701111 0.027500 0.113333
0 0.812500 0.705556 0.027500 0.113333
0 0.130000 0.696667 0.027500 0.113333
0 0.947500 0.894444 0.027500 0.113333
0 0.910000 0.930000 0.027500 0.113333
0 0.860000 0.916667 0.027500 0.113333
0 0.865000 0.781111 0.027500 0.113333
0 0.691250 0.654444 0.027500 0.113333
1 0.626250 0.668889 0.070000 0.160000
1 0.710625 0.594444 0.053750 0.068889
2 0.878750 0.598889 0.015000 0.086667
2 0.911250 0.594444 0.020000 0.077778
