0 0.291250 0.605556 0.025000 0.091111
0 0.261250 0.561111 0.025000 0.091111
0 0.176250 0.891111 0.027500 0.133333
0 0.236250 0.792222 0.025000 0.091111
0 0.135000 0.665556 0.025000 0.091111
0 0.162500 0.681111 0.025000 0.091111
0 0.255000 0.676667 0.025000 0.091111
0 0.207500 0.687778 0.025000 0.091111
0 0.203750 0.594444 0.025000 0.091111
0 0.610000 0.698889 0.025000 0.091111
0 0.608125 0.856667 0.026250 0.113333
0 0.585000 0.721111 0.027500 0.104444
0 0.775000 0.745556 0.025000 0.091111
0 0.673750 0.703333 0.025000 0.091111
0 0.708750 0.743333 0.025000 0.091111
0 0.644375 0.937778 0.021250 0.120000
0 0.822500 0.621111 0.025000 0.091111
0 0.901250 0.685556 0.025000 0.091111
0 0.947500 0.836667 0.025000 0.091111
0 0.736250 0.710000 0.025000 0.091111
0 0.630000 0.663333 0.025000 0.091111
0 0.653750 0.661111 0.025000 0.091111
0 0.715000 0.647778 0.025000 0.091111
0 0.693750 0.652222 0.025000 0.091111
1 0.336875 0.698889 0.088750 0.175556
1 0.830000 0.743333 0.082500 0.135556
