0 0.580000 0.670000 0.025000 0.091111
0 0.892500 0.696667 0.025000 0.091111
0 0.878750 0.740000 0.022500 0.088889
0 0.847500 0.632222 0.025000 0.091111
0 0.755000 0.683333 0.025000 0.091111
0 0.689375 0.684444 0.023750 0.088889
0 0.615000 0.721111 0.025000 0.091111
0 0.627500 0.801111 0.025000 0.091111
0 0.607500 0.892222 0.025000 0.091111
0 0.568750 0.821111 0.025000 0.091111
0 0.160000 0.842222 0.030000 0.106667
0 0.223750 0.621111 0.025000 0.091111
0 0.143750 0.685556 0.025000 0.091111
0 0.351250 0.581111 0.025000 0.082222
0 0.247500 0.681111 0.025000 0.091111
0 0.076250 0.692222 0.025000 0.091111
0 0.118125 0.820000 0.023750 0.120000
0 0.073750 0.687778 0.025000 0.091111
0 0.712500 0.654444 0.025000 0.091111
0 0.660000 0.641111 0.025000 0.091111
0 0.865000 0.817778 0.020000 0.080000
0 0.791875 0.581111 0.023750 0.068889
0 0.623750 0.618889 0.025000 0.091111
0 0.245000 0.575556 0.020000 0.084444
1 0.801875 0.883333 0.133750 0.188889
1 0.286875 0.796667 0.121250 0.220000
