0 0.183125 0.745556 0.031250 0.108889
0 0.346875 0.717778 0.026250 0.088889
0 0.288125 0.728889 0.026250 0.093333
0 0.075625 0.713333 0.026250 0.088889
0 0.110625 0.713333 0.026250 0.088889
0 0.219375 0.653333 0.026250 0.088889
0 0.101250 0.873333 0.030000 0.120000
0 0.070000 0.813333 0.032500 0.120000
0 0.191875 0.646667 0.021250 0.084444
0 0.140625 0.651111 0.026250 0.088889
0 0.108125 0.631111 0.026250 0.088889
0 0.271875 0.584444 0.026250 0.088889
0 0.309375 0.584444 0.026250 0.088889
0 0.249375 0.573333 0.026250 0.088889
0 0.765625 0.815556 0.026250 0.093333
0 0.556875 0.720000 0.026250 0.093333
0 0.546250 0.907778 0.027500 0.131111
0 0.539375 0.788889 0.026250 0.093333
0 0.799375 0.826667 0.026250 0.093333
0 0.821875 0.908889 0.026250 0.093333
0 0.739375 0.900000 0.026250 0.093333
0 0.908125 0.813333 0.026250 0.093333
0 0.895625 0.857778 0.026250 0.093333
0 0.873125 0.906667 0.026250 0.093333
0 0.856875 0.791111 0.026250 0.093333
0 0.974375 0.942222 0.026250 0.093333
0 0.926875 0.742222 0.026250 0.093333
0 0.795625 0.942222 0.031250 0.111111
1 0.271875 0.910000 0.123750 0.180000
