0 0.180625 0.625556 0.028750 0.082222
0 0.725625 0.791111 0.028750 0.120000
0 0.758750 0.792222 0.030000 0.135556
0 0.793750 0.755556 0.032500 0.128889
0 0.672500 0.670000 0.027500 0.077778
0 0.848750 0.740000 0.035000 0.115556
0 0.909375 0.818889 0.038750 0.108889
0 0.881875 0.873333 0.041250 0.128889
0 0.716250 0.684444 0.022500 0.093333
0 0.752500 0.643333 0.020000 0.082222
0 0.776250 0.632222 0.020000 0.100000
1 0.597500 0.643333 0.077500 0.171111
1 0.655625 0.575556 0.048750 0.075556
2 0.511250 0.605556 0.020000 0.095556
