0 0.019375 0.822222 0.033750 0.128889
0 0.070625 0.735556 0.028750 0.111111
0 0.041875 0.706667 0.028750 0.102222
0 0.236875 0.726667 0.026250 0.120000
0 0.154375 0.746667 0.033750 0.120000
0 0.145000 0.671111 0.025000 0.102222
0 0.219375 0.621111 0.021250 0.100000
0 0.183125 0.598889 0.023750 0.091111
0 0.268750 0.580000 0.022500 0.080000
0 0.231875 0.568889 0.023750 0.084444
0 0.555000 0.694444 0.032500 0.108889
0 0.598750 0.731111 0.030000 0.120000
0 0.659375 0.827778 0.033750 0.117778
0 0.749375 0.914444 0.036250 0.140000
0 0.798125 0.893333 0.041250 0.137778
0 0.855625 0.835556 0.038750 0.128889
0 0.781875 0.752222 0.028750 0.108889
0 0.696875 0.745556 0.021250 0.104444
0 0.830625 0.728889 0.021250 0.088889
0 0.884375 0.660000 0.023750 0.075556
0 0.907500 0.698889 0.020000 0.100000
0 0.716875 0.696667 0.026250 0.091111
0 0.791250 0.697778 0.025000 0.066667
0 0.675000 0.677778 0.020000 0.093333
1 0.344375 0.621111 0.053750 0.104444
