0 0.816250 0.663333 0.032500 0.108889
0 0.186250 0.710000 0.032500 0.108889
0 0.732500 0.912222 0.035000 0.122222
0 0.663750 0.738889 0.032500 0.108889
0 0.636250 0.847778 0.032500 0.108889
0 0.565000 0.767778 0.032500 0.108889
0 0.220000 0.852222 0.032500 0.108889
0 0.265000 0.645556 0.032500 0.108889
0 0.080000 0.690000 0.032500 0.108889
0 0.864375 0.661111 0.031250 0.095556
0 0.785625 0.626667 0.023750 0.084444
0 0.641250 0.681111 0.027500 0.095556
0 0.808750 0.928889 0.030000 0.128889
0 0.566875 0.633333 0.023750 0.093333
0 0.587500 0.650000 0.017500 0.086667
0 0.605000 0.625556 0.020000 0.091111
0 0.221250 0.581111 0.020000 0.077778
1 0.872500 0.834444 0.117500 0.157778
1 0.733750 0.732222 0.095000 0.122222
1 0.341875 0.580000 0.076250 0.151111
1 0.411875 0.574444 0.056250 0.122222
