0 0.073125 0.870000 0.051250 0.122222
0 0.150000 0.768889 0.027500 0.115556
0 0.065000 0.710000 0.042500 0.117778
0 0.130000 0.655556 0.027500 0.097778
0 0.190625 0.666667 0.026250 0.115556
0 0.181875 0.598889 0.028750 0.086667
0 0.206250 0.570000 0.022500 0.100000
0 0.583750 0.884444 0.035000 0.137778
0 0.629375 0.747778 0.021250 0.100000
0 0.762500 0.843333 0.032500 0.117778
0 0.870000 0.781111 0.027500 0.113333
0 0.911875 0.694444 0.036250 0.117778
0 0.823125 0.654444 0.036250 0.091111
0 0.855000 0.628889 0.025000 0.088889
1 0.685625 0.710000 0.083750 0.144444
1 0.583750 0.677778 0.062500 0.124444
1 0.673125 0.591111 0.058750 0.093333
1 0.368125 0.578889 0.051250 0.108889
1 0.311875 0.882222 0.131250 0.235556
1 0.918750 0.922222 0.155000 0.155556
0 0.775000 0.736667 0.030000 0.091111
