0 0.193750 0.684444 0.040000 0.097778
0 0.235000 0.675556 0.030000 0.111111
0 0.273125 0.730000 0.043750 0.135556
0 0.341875 0.673333 0.038750 0.128889
0 0.304375 0.604444 0.028750 0.093333
0 0.713750 0.897778 0.045000 0.133333
0 0.846250 0.906667 0.050000 0.128889
0 0.960625 0.882222 0.053750 0.146667
0 0.710625 0.657778 0.023750 0.102222
0 0.805000 0.651111 0.025000 0.097778
0 0.738125 0.614444 0.026250 0.077778
0 0.773750 0.613333 0.025000 0.097778
1 0.609375 0.622222 0.058750 0.120000
2 0.505625 0.601111 0.018750 0.091111
