0 0.113750 0.643333 0.027500 0.091111
0 0.658750 0.730000 0.027500 0.091111
0 0.700000 0.816667 0.027500 0.091111
0 0.187500 0.592222 0.027500 0.091111
0 0.130625 0.826667 0.031250 0.111111
0 0.048750 0.838889 0.037500 0.126667
0 0.272500 0.877778 0.037500 0.120000
0 0.328750 0.674444 0.027500 0.091111
0 0.221250 0.716667 0.027500 0.091111
0 0.177500 0.734444 0.027500 0.091111
0 0.146250 0.694444 0.027500 0.091111
0 0.831250 0.734444 0.027500 0.091111
0 0.304375 0.581111 0.023750 0.100000
0 0.882500 0.654444 0.027500 0.091111
0 0.604375 0.613333 0.028750 0.088889
0 0.621250 0.636667 0.027500 0.091111
0 0.791250 0.742222 0.030000 0.088889
0 0.752500 0.736667 0.027500 0.091111
0 0.920000 0.843333 0.027500 0.091111
0 0.846250 0.803333 0.027500 0.091111
0 0.810000 0.843333 0.027500 0.091111
1 0.599375 0.747778 0.076250 0.144444
1 0.645625 0.942222 0.108750 0.115556
1 0.767500 0.620000 0.092500 0.128889
1 0.246250 0.610000 0.075000 0.091111
