0 0.907500 0.633333 0.027500 0.088889
0 0.671875 0.758889 0.031250 0.122222
0 0.633125 0.684444 0.021250 0.093333
0 0.838750 0.902222 0.032500 0.133333
0 0.849375 0.824444 0.038750 0.111111
0 0.849375 0.756667 0.036250 0.095556
0 0.765000 0.734444 0.032500 0.126667
0 0.798750 0.676667 0.025000 0.095556
0 0.858125 0.693333 0.041250 0.106667
0 0.746875 0.674444 0.026250 0.091111
0 0.756875 0.614444 0.023750 0.077778
0 0.110625 0.827778 0.031250 0.117778
0 0.077500 0.738889 0.030000 0.104444
0 0.043750 0.738889 0.032500 0.117778
0 0.201875 0.766667 0.028750 0.115556
0 0.140000 0.737778 0.032500 0.124444
0 0.194375 0.682222 0.023750 0.111111
0 0.158750 0.655556 0.025000 0.106667
0 0.110000 0.647778 0.027500 0.086667
0 0.242500 0.655556 0.025000 0.097778
0 0.228125 0.643333 0.023750 0.095556
0 0.178750 0.570000 0.020000 0.077778
1 0.577500 0.732222 0.070000 0.122222
1 0.684375 0.672222 0.068750 0.073333
