0 0.876250 0.592222 0.022500 0.068889
0 0.663125 0.734444 0.023750 0.091111
0 0.673125 0.681111 0.023750 0.091111
0 0.706875 0.678889 0.023750 0.091111
0 0.731875 0.778889 0.023750 0.091111
0 0.244375 0.750000 0.023750 0.091111
0 0.731875 0.641111 0.023750 0.091111
0 0.785625 0.663333 0.023750 0.091111
0 0.801875 0.870000 0.023750 0.091111
0 0.079375 0.685556 0.023750 0.091111
0 0.088125 0.793333 0.023750 0.120000
0 0.133125 0.681111 0.023750 0.091111
0 0.203125 0.754444 0.023750 0.091111
0 0.748125 0.734444 0.023750 0.091111
1 0.304375 0.872222 0.126250 0.220000
1 0.359375 0.647778 0.066250 0.117778
1 0.648125 0.857778 0.088750 0.160000
2 0.420625 0.621111 0.013750 0.091111
